Rep	Strain	0	0		Bloc	Rep	Trt	1	2	3	4	5	6	7	8	9	10	11	12	13	14	1	2	3	4	5	6	7	8	9	10	11	12	13	14	Bloc	Rep	Trt	1	2	3	4	5	6	7	8	9	10	11	12	13	14
AllC1	All	3080	10		B1	Inv2B1	B	2050	2241	2213	2536	2475	2511	2755	3022	2952	3341	3520	4038	4192	4160	9	9	8	8	8	8	8	8	8	8	8	8	8	8	B1	Inv2B1	B	9	9	8	8	8	8	8	8	8	8	8	8	8	8
AllB1	All	2528	10		B1	EspC1	C	2188	2760	3046	3181	3246	3431	3652	3997	3987	4540	4787	5079	5053	5476	10	10	10	10	10	10	10	10	10	10	10	10	10	10	B1	EspC1	C	10	10	10	10	10	10	10	10	10	10	10	10	10	10
AllC2	All	2992	10		B1	Inv1C1	C	3129	3504	3643	3809	3937	4013	4242	4667	4808	4669	5052	4710	4746	4751	10	10	10	10	10	10	10	9	9	9	9	8	8	8	B1	Inv1C1	C	10	10	10	10	10	10	10	9	9	9	9	8	8	8
AllB2	All	2601	10		B1	Ita1C1	C	2962	3062	3372	2825	3083	3253	3418	3412	3502	3942	4099	4345	4508	4624	10	10	9	9	9	9	9	9	9	9	8	8	8	8	B1	Ita1C1	C	10	10	9	9	9	9	9	9	9	9	8	8	8	8
AllC3	All	3141	10		B1	WorB1	B	1942	2133	2310	2832	2896	3017	3020	3214	3568	3479	3737	3966	3967	4306	9	9	9	9	9	9	9	9	9	9	9	9	9	8	B1	WorB1	B	9	9	9	9	9	9	9	9	9	9	9	9	9	8
AllB3	All	3306	10		B1	TurB1	B	2899	3037	3174	3476	3575	3491	3553	3954	4136	4349	4325	4406	4617	4683	9	9	9	9	9	9	9	9	9	8	8	8	7	7	B1	TurB1	B	9	9	9	9	9	9	9	9	9	8	8	8	7	7
AllC4	All	2432	10		B1	EspB1	B	2304	2911	3154	3264	3203	3486	3670	3823	4005	4296	4720	5105	5329	5643	10	10	9	9	9	9	9	9	9	9	9	9	9	9	B1	EspB1	B	10	10	9	9	9	9	9	9	9	9	9	9	9	9
AllB4	All	3744	10		B1	FraC1	C	2264	2538	2745	3180	3146	3266	3274	3577	3587	4273	4481	4553	5417	5168	10	10	10	10	10	10	10	10	10	10	10	10	10	10	B1	FraC1	C	10	10	10	10	10	10	10	10	10	10	10	10	10	10
AllC5	All	2619	10		B1	TurC1	C	3084	3668	3834	4089	4385	4582	4511	4735	4897	5409	5941	6508	6843	6681	10	10	10	10	10	10	10	10	10	10	10	10	10	10	B1	TurC1	C	10	10	10	10	10	10	10	10	10	10	10	10	10	10
AllB5	All	3343	10		B1	WorC1	C	2679	2982	3145	3441	3434	3636	3733	3837	4355	4480	4254	4804	5010	4970	10	10	10	10	10	10	10	10	10	10	10	10	10	10	B1	WorC1	C	10	10	10	10	10	10	10	10	10	10	10	10	10	10
AllC6	All	3424	10		B1	GreC1	C	2124	2636	2476	3005	3036	3137	3304	3802	3872	3970	4413	4599	4731	4904	10	10	10	10	10	10	10	10	10	9	9	9	9	9	B1	GreC1	C	10	10	10	10	10	10	10	10	10	9	9	9	9	9
AllB6	All	2698	10		B1	Inv2C1	C	2454	2846	3080	3376	3518	3657	3962	3997	4143	4360	4450	4869	5247	5394	10	10	10	10	10	10	10	10	10	10	9	9	9	9	B1	Inv2C1	C	10	10	10	10	10	10	10	10	10	10	9	9	9	9
AllC7	All	2975	10		B1	Inv1B1	B	2889	3202	3580	3765	3893	3820	3928	3354	3508	4061	4457	4785	4883	4449	10	10	10	10	10	10	10	8	8	8	8	8	8	7	B1	Inv1B1	B	10	10	10	10	10	10	10	8	8	8	8	8	8	7
AllB7	All	2434	10		B1	FraB1	B	2220	2528	2688	2981	2930	3124	3126	3250	3537	3675	3939	4311	4693	4813	10	10	10	10	10	10	10	10	10	10	10	10	10	10	B1	FraB1	B	10	10	10	10	10	10	10	10	10	10	10	10	10	10
AllC8	All	2650	10		B1	AllB1	B	3194	3676	3876	4245	4275	4487	4674	4690	4857	4817	5363	5468	5966	6103	9	9	9	9	9	9	9	9	9	9	9	9	9	9	B1	AllB1	B	9	9	9	9	9	9	9	9	9	9	9	9	9	9
AllB8	All	3233	10		B1	GreB1	B	2698	2841	3140	3310	3446	3483	3576	3916	4128	4550	4627	4876	5095	5208	10	10	10	10	10	10	10	10	10	9	9	9	9	9	B1	GreB1	B	10	10	10	10	10	10	10	10	10	9	9	9	9	9
AllC9	All	3065	10		B1	Ita1B1	B	2895	3067	3216	3631	3584	3298	3360	3608	3489	3599	3329	3491	3925	3994	10	10	10	10	10	9	9	9	9	9	7	7	7	7	B1	Ita1B1	B	10	10	10	10	10	9	9	9	9	9	7	7	7	7
AllB9	All	3161	10		B1	Ita2B1	B	3121	3349	3487	3550	3727	3740	3880	3367	3627	4510	3912	3710	3703	3685	10	10	10	10	10	10	10	9	9	9	7	6	6	6	B1	Ita2B1	B	10	10	10	10	10	10	10	9	9	9	7	6	6	6
AllC10	All	2460	10		B1	Ita2C1	C	2604	3450	3734	4044	4535	4787	4638	5168	5119	6366	7206	7718	8085	8170	10	10	10	10	10	10	10	10	10	10	10	10	10	10	B1	Ita2C1	C	10	10	10	10	10	10	10	10	10	10	10	10	10	10
AllB10	All	2759	10		B1	AllC1	C	3052	3866	4096	4696	4769	4591	5313	5376	5494	6042	6350	6741	7127	7191	10	10	10	10	10	10	10	10	10	10	10	10	10	10	B1	AllC1	C	10	10	10	10	10	10	10	10	10	10	10	10	10	10
EspC1	Esp	2079	10		B2	TurC2	C	2832	3619	3920	4064	4433	4516	4626	4670	5090	5752	6002	6590	6953	7592	10	10	10	10	10	10	10	10	10	10	10	10	10	10	B2	TurC2	C	10	10	10	10	10	10	10	10	10	10	10	10	10	10
EspB1	Esp	2290	10		B2	Inv2B2	B	2205	2120	2335	2156	2345	2438	2668	2917	3153	3492	3580	4121	4247	4329	9	9	9	8	8	8	8	8	8	8	8	8	8	8	B2	Inv2B2	B	9	9	9	8	8	8	8	8	8	8	8	8	8	8
EspC2	Esp	2275	10		B2	Ita2B2	B	2524	2840	3255	3348	3583	3686	3887	3865	4008	4400	4096	4411	4742	4880	8	8	8	8	8	8	8	8	8	8	8	7	7	7	B2	Ita2B2	B	8	8	8	8	8	8	8	8	8	8	8	7	7	7
EspB2	Esp	2321	10		B2	AllB2	B	2460	3589	3845	3979	4175	4565	4664	4668	4705	4743	5078	4730	5003	5330	9	9	9	9	9	9	9	9	9	9	9	8	8	8	B2	AllB2	B	9	9	9	9	9	9	9	9	9	9	9	8	8	8
EspC3	Esp	2097	10		B2	AllC2	C	3197	4303	4545	4650	5078	5125	5210	5570	5551	6023	6644	6922	7384	7516	10	10	10	10	10	10	10	10	10	10	10	10	10	10	B2	AllC2	C	10	10	10	10	10	10	10	10	10	10	10	10	10	10
EspB3	Esp	2830	10		B2	TurB2	B	2589	2810	3017	3223	3458	3550	3582	3873	3724	4180	4139	4710	4568	4614	7	7	7	7	7	7	7	7	7	7	7	7	6	6	B2	TurB2	B	7	7	7	7	7	7	7	7	7	7	7	7	6	6
EspC4	Esp	2395	10		B2	GreB2	B	2894	3307	3443	3621	4001	4009	3930	4212	4621	4719	4862	5186	5400	5666	10	10	10	10	10	10	10	10	10	9	9	9	9	9	B2	GreB2	B	10	10	10	10	10	10	10	10	10	9	9	9	9	9
EspB4	Esp	2351	10		B2	Ita1C2	C	2626	3335	3321	3483	3753	3913	3796	3972	4388	4907	5018	5284	5704	5950	10	10	10	10	10	10	10	10	10	10	10	10	10	10	B2	Ita1C2	C	10	10	10	10	10	10	10	10	10	10	10	10	10	10
EspC5	Esp	2082	10		B2	FraB2	B	2335	2578	2739	2865	3141	3097	3324	3277	3464	3682	3660	4282	4380	4719	10	10	10	10	10	10	10	10	10	10	10	10	9	9	B2	FraB2	B	10	10	10	10	10	10	10	10	10	10	10	10	9	9
EspB5	Esp	2160	10		B2	EspB2	B	2764	3028	3013	3229	3288	3335	2889	3259	3472	3724	3943	4040	3713	3722	10	10	10	10	10	10	9	9	9	9	9	9	8	8	B2	EspB2	B	10	10	10	10	10	10	9	9	9	9	9	9	8	8
EspC6	Esp	2590	10		B2	FraC2	C	2370	3256	3432	3543	3754	3717	3894	4204	4327	5234	5469	5929	5912	6212	10	10	10	10	10	10	10	10	10	10	10	10	10	10	B2	FraC2	C	10	10	10	10	10	10	10	10	10	10	10	10	10	10
EspB6	Esp	2600	10		B2	Inv2C2	C	2224	2679	2944	3094	3234	3339	3235	3600	4120	4722	5018	5053	5258	5553	10	10	10	10	10	10	9	9	9	9	9	9	9	9	B2	Inv2C2	C	10	10	10	10	10	10	9	9	9	9	9	9	9	9
EspC7	Esp	2570	10		B2	Inv1C2	C	2744	3070	3260	3413	3483	3615	3813	4096	4283	4554	4982	5298	5788	5644	10	10	10	10	10	10	10	10	10	10	10	10	10	10	B2	Inv1C2	C	10	10	10	10	10	10	10	10	10	10	10	10	10	10
EspB7	Esp	2544	10		B2	GreC2	C	2132	2490	2946	3161	3299	3237	3290	3495	3879	4191	4655	5111	5243	5164	10	10	10	10	10	10	10	10	10	9	9	9	9	9	B2	GreC2	C	10	10	10	10	10	10	10	10	10	9	9	9	9	9
EspC8	Esp	2124	10		B2	EspC2	C	2892	3022	3415	3548	3829	3749	3837	4137	4161	4896	5434	6101	6060	6467	10	10	10	10	10	10	10	10	10	10	10	10	10	10	B2	EspC2	C	10	10	10	10	10	10	10	10	10	10	10	10	10	10
EspB8	Esp	2547	10		B2	WorC2	C	2449	2539	2972	3013	3274	3322	3529	3566	3706	3751	4006	4813	4483	4579	10	10	10	10	10	10	10	10	10	10	10	10	10	10	B2	WorC2	C	10	10	10	10	10	10	10	10	10	10	10	10	10	10
EspC9	Esp	2181	10		B2	WorB2	B	1947	2058	2041	2056	2123	2134	2430	2426	2763	2692	2810	3035	2882	3028	7	7	7	7	7	7	7	7	7	7	7	7	7	7	B2	WorB2	B	7	7	7	7	7	7	7	7	7	7	7	7	7	7
EspB9	Esp	2347	10		B2	Ita2C2	C	2799	3265	3493	3886	4454	4357	4484	4534	4891	5444	5681	6163	6734	6787	10	10	10	10	10	10	10	10	10	10	10	10	10	10	B2	Ita2C2	C	10	10	10	10	10	10	10	10	10	10	10	10	10	10
EspC10	Esp	2400	10		B2	Ita1B2	B	2306	2576	2811	2884	3075	3083	3259	3402	3602	3942	3830	3898	4248	4107	9	9	9	9	9	9	9	9	9	9	8	7	7	7	B2	Ita1B2	B	9	9	9	9	9	9	9	9	9	9	8	7	7	7
EspB10	Esp	2165	10		B2	Inv1B2	B	3028	3428	3683	3440	3742	3810	3624	3787	3868	4300	4532	3685	3621	3538	10	10	10	9	9	9	8	8	8	8	8	6	5	5	B2	Inv1B2	B	10	10	10	9	9	9	8	8	8	8	8	6	5	5
FraC1	Fra	1955	10		B3	Inv2B3	B	2264	2180	2275	2065	2260	2342	2406	2585	2587	3004	3488	3583	3720	3561	9	8	8	7	7	7	7	7	7	7	7	7	7	7	B3	Inv2B3	B	9	8	8	7	7	7	7	7	7	7	7	7	7	7
FraB1	Fra	1914	10		B3	EspB3	B	2654	2856	3047	3060	3182	3243	3238	3440	3466	3497	3588	3417	3479	3429	8	8	8	8	8	8	8	8	7	6	6	6	6	6	B3	EspB3	B	8	8	8	8	8	8	8	8	7	6	6	6	6	6
FraC2	Fra	2135	10		B3	Inv1C3	C	2667	3205	3334	3710	3619	3746	3691	4418	4897	5313	5588	5823	5682	5903	10	10	10	10	10	10	10	10	10	10	10	10	10	10	B3	Inv1C3	C	10	10	10	10	10	10	10	10	10	10	10	10	10	10
FraB2	Fra	2170	10		B3	AllB3	B	3620	4381	3986	4211	4395	4462	4779	5066	5090	5024	5209	5385	5769	5610	10	10	9	9	9	9	9	9	9	9	9	9	9	9	B3	AllB3	B	10	10	9	9	9	9	9	9	9	9	9	9	9	9
FraC3	Fra	2422	10		B3	Inv1B3	B	2557	2672	2820	2998	2916	3113	3051	2832	2395	1636	1868	1972	1982	2092	9	8	8	8	8	8	8	7	6	4	4	4	4	4	B3	Inv1B3	B	9	8	8	8	8	8	8	7	6	4	4	4	4	4
FraB3	Fra	2111	10		B3	GreC3	C	2501	3197	3581	4064	4051	3989	3988	4476	4894	5575	6002	6299	6426	6515	10	10	10	10	10	10	10	9	9	9	9	9	9	9	B3	GreC3	C	10	10	10	10	10	10	10	9	9	9	9	9	9	9
FraC4	Fra	2252	10		B3	Ita1C3	C	2383	3109	3379	3689	3758	3844	4004	3893	4557	5250	5253	5589	5948	5761	10	10	10	10	10	10	10	10	10	10	10	10	10	10	B3	Ita1C3	C	10	10	10	10	10	10	10	10	10	10	10	10	10	10
FraB4	Fra	2186	10		B3	WorC3	C	2388	2836	3135	2969	3491	3600	3662	3974	4395	4774	5014	5297	5420	6047	10	10	10	10	10	10	10	10	10	10	10	10	10	10	B3	WorC3	C	10	10	10	10	10	10	10	10	10	10	10	10	10	10
FraC5	Fra	2096	10		B3	EspC3	C	2089	2417	2626	2717	2650	2832	2702	3048	3413	3706	4035	4167	4211	4344	9	9	9	9	8	8	8	8	8	8	8	8	8	8	B3	EspC3	C	9	9	9	9	8	8	8	8	8	8	8	8	8	8
FraB5	Fra	2081	10		B3	AllC3	C	3415	4029	4375	4738	4932	5019	4934	5144	5134	5639	6056	6622	6795	6958	10	10	10	10	10	10	10	10	10	10	10	10	10	10	B3	AllC3	C	10	10	10	10	10	10	10	10	10	10	10	10	10	10
FraC6	Fra	1903	10		B3	WorB3	B	2945	3089	3217	3692	3906	4131	4223	4259	4666	4786	5284	5866	6506	6811	10	10	10	10	10	10	10	10	10	10	10	10	10	10	B3	WorB3	B	10	10	10	10	10	10	10	10	10	10	10	10	10	10
FraB6	Fra	2172	10		B3	Inv2C3	C	1849	2138	2348	2485	2784	2813	2919	3031	3626	3797	3670	3975	4125	4277	10	10	10	10	10	10	10	10	10	10	10	10	10	10	B3	Inv2C3	C	10	10	10	10	10	10	10	10	10	10	10	10	10	10
FraC7	Fra	2239	10		B3	FraB3	B	2409	2763	2845	3330	3259	3204	3443	3593	4052	4393	4307	4768	4992	4953	10	10	10	10	10	10	10	10	10	10	10	10	10	10	B3	FraB3	B	10	10	10	10	10	10	10	10	10	10	10	10	10	10
FraB7	Fra	2134	10		B3	Ita2B3	B	3223	3554	3580	4000	4075	4280	4383	4274	4268	5090	4786	5275	5258	4738	10	10	10	10	10	10	10	10	10	10	9	9	8	7	B3	Ita2B3	B	10	10	10	10	10	10	10	10	10	10	9	9	8	7
FraC8	Fra	2080	10		B3	Ita1B3	B	1785	1905	2120	2207	2175	2240	2404	2165	2548	2064	2207	2287	2583	2494	8	8	8	8	8	8	8	7	7	6	6	6	6	6	B3	Ita1B3	B	8	8	8	8	8	8	8	7	7	6	6	6	6	6
FraB8	Fra	1815	10		B3	GreB3	B	2801	3062	3354	3591	3678	3793	4167	4408	4932	5153	5414	5501	5649	5975	10	10	10	10	10	10	10	10	10	10	10	9	9	9	B3	GreB3	B	10	10	10	10	10	10	10	10	10	10	10	9	9	9
FraC9	Fra	2265	10		B3	TurC3	C	2926	3453	3912	4010	4096	4413	4696	4579	5066	5773	6164	6688	6523	6653	10	10	10	10	10	10	10	10	10	10	10	10	10	10	B3	TurC3	C	10	10	10	10	10	10	10	10	10	10	10	10	10	10
FraB9	Fra	1804	10		B3	TurB3	B	2800	2956	2661	3348	3418	3782	3772	3761	3957	4186	4055	4081	4458	4467	10	10	10	10	10	10	10	10	10	10	9	8	8	8	B3	TurB3	B	10	10	10	10	10	10	10	10	10	10	9	8	8	8
FraC10	Fra	1860	10		B3	FraC3	C	2449	2740	3013	3207	3490	3623	3826	3896	4109	4362	4601	4957	5106	5654	10	10	10	10	10	10	10	10	10	10	10	10	10	10	B3	FraC3	C	10	10	10	10	10	10	10	10	10	10	10	10	10	10
FraB10	Fra	1710	10		B3	Ita2C3	C	2984	3686	3576	4169	4181	4416	4651	4924	5055	5457	5866	5915	5575	5675	10	10	10	10	10	10	10	10	9	9	9	9	8	8	B3	Ita2C3	C	10	10	10	10	10	10	10	10	9	9	9	9	8	8
GreC1	Gre	1839	10		B4	Inv1B4	B	2446	2866	2998	3478	3607	3579	3898	4299	4482	4787	5554	5209	5527	5278	10	10	10	10	10	10	10	10	10	10	10	9	9	8	B4	Inv1B4	B	10	10	10	10	10	10	10	10	10	10	10	9	9	8
GreB1	Gre	2295	10		B4	TurC4	C	2969	3640	3562	4038	4171	3882	4263	4499	4522	4897	4903	5385	5946	5946	10	10	10	10	10	9	9	9	9	9	9	9	9	9	B4	TurC4	C	10	10	10	10	10	9	9	9	9	9	9	9	9	9
GreC2	Gre	1972	10		B4	Inv2B4	B	1929	2227	2342	2618	2570	2500	2624	3081	3261	3618	3749	3942	3860	3659	8	8	8	8	8	8	8	8	8	8	8	8	8	7	B4	Inv2B4	B	8	8	8	8	8	8	8	8	8	8	8	8	8	7
GreB2	Gre	2353	10		B4	Ita1B4	B	2936	3248	3444	3802	3852	3832	3784	4217	3672	3677	3754	4280	4580	4898	10	10	10	10	10	10	9	9	7	7	7	7	7	7	B4	Ita1B4	B	10	10	10	10	10	10	9	9	7	7	7	7	7	7
GreC3	Gre	2667	10		B4	GreB4	B	2126	2383	2472	2566	2585	2740	3048	3205	3453	3820	3872	4204	4154	4287	9	9	9	9	9	9	9	9	9	9	9	9	9	8	B4	GreB4	B	9	9	9	9	9	9	9	9	9	9	9	9	9	8
GreB3	Gre	2483	10		B4	Ita2C4	C	3053	3489	3549	4130	4036	4136	4040	4546	4729	5442	5776	6157	6469	6953	10	10	10	10	10	10	10	10	10	10	10	10	10	10	B4	Ita2C4	C	10	10	10	10	10	10	10	10	10	10	10	10	10	10
GreC4	Gre	2605	10		B4	EspB4	B	2461	2669	2774	2845	3064	3101	3193	3615	3672	4015	4034	4770	5104	5263	9	9	9	8	8	8	8	8	8	8	8	8	8	8	B4	EspB4	B	9	9	9	8	8	8	8	8	8	8	8	8	8	8
GreB4	Gre	2894	10		B4	Ita1C4	C	2139	3652	3541	3768	3905	4131	4147	4210	4577	4972	5621	5864	6188	6568	10	10	10	10	10	10	10	10	10	10	10	10	10	10	B4	Ita1C4	C	10	10	10	10	10	10	10	10	10	10	10	10	10	10
GreC5	Gre	2447	10		B4	Ita2B4	B	2584	3106	3302	3798	3727	3836	3793	4259	4348	5048	5130	5136	5331	5266	10	10	10	10	10	10	10	10	10	10	10	10	10	9	B4	Ita2B4	B	10	10	10	10	10	10	10	10	10	10	10	10	10	9
GreB5	Gre	2387	10		B4	FraB4	B	2228	1955	2423	2742	2759	2901	2848	2973	3240	3540	3826	4281	4386	4697	8	7	9	9	9	9	9	9	9	9	9	9	9	9	B4	FraB4	B	10	9	9	9	9	9	9	9	9	9	9	9	9	9
GreC6	Gre	1960	10		B4	FraC4	C	2358	2824	2927	3128	3514	3640	3874	3913	4216	4748	4767	5095	5630	5894	10	10	10	10	10	10	10	10	10	10	10	10	10	10	B4	FraC4	C	10	10	10	10	10	10	10	10	10	10	10	10	10	10
GreB6	Gre	2839	10		B4	Inv1C4	C	2181	2873	3180	3229	3374	3394	3390	3919	4278	5044	5426	5663	5769	5843	10	10	10	10	10	10	10	10	10	10	10	10	10	10	B4	Inv1C4	C	10	10	10	10	10	10	10	10	10	10	10	10	10	10
GreC7	Gre	2097	10		B4	EspC4	C	2884	3440	3259	3730	3902	4136	4166	4503	4641	5202	5181	5367	5910	6345	10	10	10	10	10	10	10	9	9	9	9	9	9	9	B4	EspC4	C	10	10	10	10	10	10	10	9	9	9	9	9	9	9
GreB7	Gre	2273	10		B4	GreC4	C	2770	3515	3881	4209	4452	4346	4438	4548	4955	5712	6384	6945	7142	7185	10	10	10	10	10	10	10	10	10	10	10	10	10	10	B4	GreC4	C	10	10	10	10	10	10	10	10	10	10	10	10	10	10
GreC8	Gre	2267	10		B4	AllB4	B	3147	4037	4370	4750	4697	4672	4978	5093	4995	5295	5299	5619	5176	5536	9	9	9	9	9	9	9	9	9	9	9	9	8	8	B4	AllB4	B	9	9	9	9	9	9	9	9	9	9	9	9	8	8
GreB8	Gre	2407	10		B4	WorB4	B	2195	2390	2477	2654	2680	2765	2740	2770	3072	3390	3418	3524	3520	3802	9	9	9	9	9	9	8	8	8	8	8	8	8	8	B4	WorB4	B	9	9	9	9	9	9	8	8	8	8	8	8	8	8
GreC9	Gre	2345	10		B4	Inv2C4	C	1969	2417	2647	2958	3118	3147	3191	3412	3738	3995	4301	5138	5331	5243	9	9	9	9	9	9	9	9	9	9	9	9	9	9	B4	Inv2C4	C	9	9	9	9	9	9	9	9	9	9	9	9	9	9
GreB9	Gre	2008	10		B4	TurB4	B	2755	3352	3292	3626	3623	3680	3676	3928	3732	4229	4362	4395	4877	5198	8	8	8	8	8	8	8	8	7	7	7	7	7	7	B4	TurB4	B	8	8	8	8	8	8	8	8	7	7	7	7	7	7
GreC10	Gre	2533	10		B4	AllC4	C	2619	3829	3389	3674	3926	3864	4007	3987	3994	4160	4630	5501	4808	5400	10	10	10	10	10	10	10	10	10	10	10	10	9	9	B4	AllC4	C	10	10	10	10	10	10	10	10	10	10	10	10	9	9
GreB10	Gre	2555	10		B4	WorC4	C	2440	2970	3131	3275	3275	3372	3750	3779	3972	4380	4406	4957	5276	5799	10	10	10	10	10	10	10	10	10	10	10	10	10	10	B4	WorC4	C	10	10	10	10	10	10	10	10	10	10	10	10	10	10
Inv1C1	Inv1	2081	10		B5	Ita1B5	B	3147	3419	3625	3960	4157	4262	4377	4304	4656	5164	5756	6318	6408	6802	10	9	9	9	9	9	9	9	9	9	9	9	9	9	B5	Ita1B5	B	10	9	9	9	9	9	9	9	9	9	9	9	9	9
Inv1B1	Inv1	2378	10		B5	Inv1B5	B	3065	3302	3263	3327	3436	3482	3582	3715	4170	4489	4753	4999	5122	4916	10	10	9	9	9	9	9	9	9	9	9	9	9	8	B5	Inv1B5	B	10	10	9	9	9	9	9	9	9	9	9	9	9	8
Inv1C2	Inv1	2440	10		B5	EspB5	B	2405	2629	2766	2892	3103	3068	3162	3547	3784	4089	3651	3715	3711	3708	9	9	9	9	9	9	9	9	9	9	8	8	7	7	B5	EspB5	B	9	9	9	9	9	9	9	9	9	9	8	8	7	7
Inv1B2	Inv1	2811	10		B5	GreC5	C	2883	3319	3573	3750	3725	3827	4263	4708	5476	5857	6069	6152	5941	6458	10	10	10	10	10	10	10	10	10	10	10	10	10	10	B5	GreC5	C	10	10	10	10	10	10	10	10	10	10	10	10	10	10
Inv1C3	Inv1	2460	10		B5	AllB5	B	3495	4961	4231	4648	4739	4777	5037	5076	5324	5463	5889	5980	6262	6463	10	10	10	10	10	10	10	10	10	10	10	10	10	10	B5	AllB5	B	10	10	10	10	10	10	10	10	10	10	10	10	10	10
Inv1B3	Inv1	2357	10		B5	Inv1C5	C	2580	3547	3122	3265	3421	2920	3180	3381	3201	3092	2795	2939	2518	2330	10	10	10	10	10	9	9	9	8	7	6	6	4	4	B5	Inv1C5	C	10	10	10	10	10	9	9	9	8	7	6	6	4	4
Inv1C4	Inv1	1962	10		B5	WorC5	C	2157	2563	2763	2927	3084	3042	3126	3374	3669	4192	4398	4595	4820	5119	10	10	9	9	9	9	9	9	9	9	9	9	9	9	B5	WorC5	C	10	10	9	9	9	9	9	9	9	9	9	9	9	9
Inv1B4	Inv1	2094	10		B5	Ita2C5	C	2640	3320	3504	3626	4106	4018	4061	4150	4868	5661	5653	6222	6210	6606	10	10	10	10	10	10	10	10	10	10	10	10	10	10	B5	Ita2C5	C	10	10	10	10	10	10	10	10	10	10	10	10	10	10
Inv1C5	Inv1	2204	10		B5	EspC5	C	2395	2823	2998	3270	3562	3698	3848	4116	4506	4988	5171	5655	6260	6838	10	10	10	10	10	10	10	10	10	10	10	10	10	10	B5	EspC5	C	10	10	10	10	10	10	10	10	10	10	10	10	10	10
Inv1B5	Inv1	2380	10		B5	TurB5	B	3103	3512	3760	4007	4020	4107	4405	4790	5010	5589	5991	6096	6716	6655	9	9	9	9	9	9	9	9	9	9	9	9	9	9	B5	TurB5	B	9	9	9	9	9	9	9	9	9	9	9	9	9	9
Inv1C6	Inv1	2222	10		B5	TurC5	C	2781	3250	3491	3800	3870	3802	3984	4426	5091	5026	5205	5912	6008	6168	9	9	9	9	9	9	9	9	9	9	9	9	9	9	B5	TurC5	C	9	9	9	9	9	9	9	9	9	9	9	9	9	9
Inv1B6	Inv1	2066	10		B5	Ita1C5	C	2295	2817	3013	3181	3534	3466	3588	3724	4247	4574	4863	5442	5323	5673	10	10	9	9	9	9	9	9	9	9	9	10	9	9	B5	Ita1C5	C	10	10	9	9	9	9	9	9	9	9	9	9	9	9
Inv1C7	Inv1	2203	10		B5	Inv2C5	C	2068	2545	2774	3033	3065	3082	3297	3859	4370	5016	5122	5299	5542	5786	10	10	10	10	10	10	10	10	10	10	10	10	10	10	B5	Inv2C5	C	10	10	10	10	10	10	10	10	10	10	10	10	10	10
Inv1B7	Inv1	2483	10		B5	FraB5	B	2373	2893	3065	3252	3341	3304	3545	3837	4310	4841	4897	5064	5411	5353	10	10	10	10	10	10	10	10	10	10	10	10	10	10	B5	FraB5	B	10	10	10	10	10	10	10	10	10	10	10	10	10	10
Inv1C8	Inv1	1867	10		B5	GreB5	B	3007	2977	3134	3414	3367	3224	3485	3570	3591	3800	4020	4209	4280	4284	10	9	9	9	9	8	8	8	7	7	7	7	7	7	B5	GreB5	B	10	9	9	9	9	8	8	8	7	7	7	7	7	7
Inv1B8	Inv1	2325	10		B5	Inv2B5	B	2164	2517	2736	2807	2915	2998	2941	3172	3172	3591	3765	3580	3787	3804	10	10	10	10	10	10	10	10	9	9	9	8	8	8	B5	Inv2B5	B	10	10	10	10	10	10	10	10	9	9	9	8	8	8
Inv1C9	Inv1	2487	10		B5	WorB5	B	3130	3390	3513	3637	3867	4020	4268	4490	5011	5357	5451	5495	6322	6624	10	10	10	10	10	10	10	10	10	10	10	10	10	10	B5	WorB5	B	10	10	10	10	10	10	10	10	10	10	10	10	10	10
Inv1B9	Inv1	2397	10		B5	FraC5	C	2358	2892	3008	3210	3700	3672	3956	4129	4612	4926	5336	5816	6294	6750	10	10	10	10	10	10	10	10	10	10	10	10	10	10	B5	FraC5	C	10	10	10	10	10	10	10	10	10	10	10	10	10	10
Inv1C10	Inv1	2341	10		B5	Ita2B5	B	2928	3462	3781	3574	4041	4314	4207	4500	4726	5400	5568	5875	5483	5696	10	10	10	10	10	10	10	10	10	10	10	10	9	9	B5	Ita2B5	B	10	10	10	10	10	10	10	10	10	10	10	10	9	9
Inv1B10	Inv1	2224	10		B5	AllC5	C	3201	3649	3737	4015	4606	4428	4479	4817	5107	5511	5753	5793	6258	6196	10	10	10	10	10	10	10	10	10	10	10	10	10	10	B5	AllC5	C	10	10	10	10	10	10	10	10	10	10	10	10	10	10
Inv2C1	Inv2	2374	10		B6	Inv1B6	B	2639	2696	2995	3258	3186	3153	3254	3389	4030	4117	3884	3959	3991	3987	9	9	9	9	9	9	9	9	9	9	8	6	6	6	B6	Inv1B6	B	9	9	9	9	9	9	9	9	9	9	8	6	6	6
Inv2B1	Inv2	1854	10		B6	GreB6	B	2914	3095	3269	3477	3477	3682	3807	4168	4102	4469	4713	5100	5213	5298	9	9	9	9	9	9	9	9	9	9	9	9	9	8	B6	GreB6	B	9	9	9	9	9	9	9	9	9	9	9	9	9	8
Inv2C2	Inv2	1961	10		B6	Inv2B6	B	2041	2787	2988	3211	3258	3176	3781	3965	3873	4254	4605	4800	4831	4944	10	10	10	10	10	10	10	10	9	9	9	8	8	8	B6	Inv2B6	B	10	10	10	10	10	10	10	10	9	9	9	8	8	8
Inv2B2	Inv2	1853	10		B6	Ita2C6	C	2656	2983	3326	3521	3579	3740	4055	4432	4457	4702	4929	5801	5945	6154	10	10	10	10	10	10	10	10	10	10	10	10	10	10	B6	Ita2C6	C	10	10	10	10	10	10	10	10	10	10	10	10	10	10
Inv2C3	Inv2	1794	10		B6	AllC6	C	3626	4470	5056	5398	5426	5772	5842	6076	6364	5226	5435	5700	6050	5953	10	10	10	10	10	10	10	10	10	8	8	8	8	8	B6	AllC6	C	10	10	10	10	10	10	10	10	10	8	8	8	8	8
Inv2B3	Inv2	2105	10		B6	EspB6	B	2852	3136	3316	3475	3596	3749	3972	4425	4804	4892	5064	5125	5240	5567	10	10	10	10	10	10	10	10	10	10	10	10	10	10	B6	EspB6	B	10	10	10	10	10	10	10	10	10	10	10	10	10	10
Inv2C4	Inv2	2054	10		B6	Ita2B6	B	2166	2399	2500	2664	2706	2765	3087	3529	3602	3803	3863	3984	4129	4256	8	8	8	8	8	8	8	8	8	8	8	8	8	8	B6	Ita2B6	B	8	8	8	8	8	8	8	8	8	8	8	8	8	8
Inv2B4	Inv2	2000	10		B6	EspC6	C	3144	3697	3470	3692	3796	3929	4308	4516	4959	5577	5715	6114	6565	6941	10	10	10	10	10	10	10	10	10	10	10	10	10	10	B6	EspC6	C	10	10	10	10	10	10	10	10	10	10	10	10	10	10
Inv2C5	Inv2	1843	10		B6	FraB6	B	2389	2901	2949	3167	3211	3197	3340	3537	4185	4246	4744	4788	4928	4845	10	10	10	10	10	10	10	10	10	10	10	10	10	10	B6	FraB6	B	10	10	10	10	10	10	10	10	10	10	10	10	10	10
Inv2B5	Inv2	2044	10		B6	WorC6	C	2324	2899	3047	3546	3499	3570	3800	4177	4456	4797	5058	5827	5993	6177	10	10	10	10	10	10	10	10	10	10	10	10	10	10	B6	WorC6	C	10	10	10	10	10	10	10	10	10	10	10	10	10	10
Inv2C6	Inv2	2111	10		B6	Inv2C6	C	2469	2925	3420	3561	3607	3446	4152	4655	5161	5548	5671	6025	6005	6067	10	10	10	10	10	10	10	10	10	10	10	10	10	10	B6	Inv2C6	C	10	10	10	10	10	10	10	10	10	10	10	10	10	10
Inv2B6	Inv2	1909	10		B6	TurC6	C	2873	3580	4033	4384	4236	4185	4528	5593	5709	6109	6121	6406	6780	7168	10	10	10	10	10	10	10	10	10	10	10	10	10	10	B6	TurC6	C	10	10	10	10	10	10	10	10	10	10	10	10	10	10
Inv2C7	Inv2	2189	10		B6	Ita1C6	C	2880	3208	3491	3701	3797	3861	4093	4736	4950	5349	5533	5863	6066	6281	10	10	10	10	10	10	10	10	10	10	10	10	10	10	B6	Ita1C6	C	10	10	10	10	10	10	10	10	10	10	10	10	10	10
Inv2B7	Inv2	1901	10		B6	WorB6	B	2066	2391	2631	2816	3006	2965	3110	3172	3286	3558	3830	3762	4140	4594	9	9	9	9	9	9	9	9	9	9	10	8	8	8	B6	WorB6	B	9	9	9	9	9	9	9	9	9	9	9	8	8	8
Inv2C8	Inv2	2245	10		B6	FraC6	C	2190	2639	2724	2998	3244	3225	3459	4020	4408	4443	4651	4851	5423	5768	10	10	10	10	10	10	10	10	10	10	10	10	10	10	B6	FraC6	C	10	10	10	10	10	10	10	10	10	10	10	10	10	10
Inv2B8	Inv2	2032	10		B6	Inv1C6	C	2906	3472	3862	4003	4129	4083	4288	4819	5385	5801	6238	6516	6955	7143	10	10	10	10	10	10	10	10	10	10	10	10	10	10	B6	Inv1C6	C	10	10	10	10	10	10	10	10	10	10	10	10	10	10
Inv2C9	Inv2	2051	10		B6	Ita1B6	B	2412	2878	3097	3346	3274	3302	3530	3852	4048	4311	4358	4750	5068	5138	9	9	9	9	9	9	9	9	9	9	9	9	9	9	B6	Ita1B6	B	9	9	9	9	9	9	9	9	9	9	9	9	9	9
Inv2B9	Inv2	2090	10		B6	AllB6	B	2605	3067	3162	3404	3552	3381	3610	3626	3653	4005	3973	4142	4527	4555	9	9	9	9	9	8	8	8	8	8	8	8	8	8	B6	AllB6	B	9	9	9	9	9	8	8	8	8	8	8	8	8	8
Inv2C10	Inv2	2240	10		B6	GreC6	C	2548	2920	3089	3245	3228	3233	3485	4150	4301	4802	4766	5021	5044	5130	10	10	10	10	10	10	10	10	10	10	10	10	10	10	B6	GreC6	C	10	10	10	10	10	10	10	10	10	10	10	10	10	10
Inv2B10	Inv2	2232	10		B6	TurB6	B	3086	3401	3466	3650	3618	3767	3890	4141	4626	4558	4567	4856	5140	5592	10	10	10	10	10	10	10	10	10	10	10	10	10	10	B6	TurB6	B	10	10	10	10	10	10	10	10	10	10	10	10	10	10
Ita1C1	Ita1	2522	10		B7	TurC7	C	2681	3167	3316	3673	3680	3673	3937	4323	4392	5205	5284	5716	5815	5831	10	10	10	10	10	10	10	10	10	10	10	10	10	10	B7	TurC7	C	10	10	10	10	10	10	10	10	10	10	10	10	10	10
Ita1B1	Ita1	2547	10		B7	Inv1C7	C	2728	3205	3405	3400	3518	3657	4123	4580	4474	4852	4930	5322	5381	5395	10	10	10	10	10	10	10	10	9	9	9	9	9	9	B7	Inv1C7	C	10	10	10	10	10	10	10	10	9	9	9	9	9	9
Ita1C2	Ita1	2285	10		B7	EspC7	C	2663	2856	3108	3364	3586	3704	3914	3872	3842	4390	4518	4845	5269	5310	9	9	9	9	9	9	9	8	8	8	8	8	8	8	B7	EspC7	C	9	9	9	9	9	9	9	8	8	8	8	8	8	8
Ita1B2	Ita1	2367	10		B7	Ita1C7	C	2730	3345	3441	3806	3830	3865	4088	4473	4344	4374	4401	4663	4948	5238	10	10	10	10	10	10	10	10	10	9	9	9	9	9	B7	Ita1C7	C	10	10	10	10	10	10	10	10	10	9	9	9	9	9
Ita1C3	Ita1	1975	10		B7	Ita2C7	C	2846	3210	3273	3500	3711	3908	4023	4400	4631	4921	5738	5917	6483	6882	10	10	10	10	10	10	10	10	10	10	10	10	10	10	B7	Ita2C7	C	10	10	10	10	10	10	10	10	10	10	10	10	10	10
Ita1B3	Ita1	1879	10		B7	WorC7	C	2627	3040	3173	3447	3580	3745	3837	4077	4135	4631	4655	5335	5339	5731	10	10	10	10	10	10	10	10	10	10	10	10	10	10	B7	WorC7	C	10	10	10	10	10	10	10	10	10	10	10	10	10	10
Ita1C4	Ita1	2425	10		B7	Inv2B7	B	1575	1730	1843	1893	1869	1671	1762	2028	2147	2356	2358	2656	2486	2578	8	8	8	7	7	6	6	6	6	6	6	6	6	6	B7	Inv2B7	B	8	8	8	7	7	6	6	6	6	6	6	6	6	6
Ita1B4	Ita1	2378	10		B7	Ita2B7	B	2277	2579	2767	3073	3178	3311	3246	3256	3660	3874	3906	4681	4879	4975	8	8	8	8	8	8	8	8	8	8	8	8	8	8	B7	Ita2B7	B	8	8	8	8	8	8	8	8	8	8	8	8	8	8
Ita1C5	Ita1	2292	10		B7	FraB7	B	2625	2842	2988	3062	3212	3536	3857	4107	4331	4242	4389	4908	4736	4446	10	9	9	9	9	9	9	9	9	9	9	10	9	8	B7	FraB7	B	10	9	9	9	9	9	9	9	9	9	9	9	9	8
Ita1B5	Ita1	2632	10		B7	GreC7	C	2795	3208	3498	3502	3525	3891	4530	4542	4929	5323	5457	6003	5695	5937	10	10	10	10	10	10	10	10	10	10	10	10	9	9	B7	GreC7	C	10	10	10	10	10	10	10	10	10	10	10	10	9	9
Ita1C6	Ita1	2178	10		B7	TurB7	B	2911	3502	3739	4051	4301	4213	4189	4588	4873	5557	5969	5623	5320	5337	10	10	10	10	10	10	10	10	10	10	10	10	9	9	B7	TurB7	B	10	10	10	10	10	10	10	10	10	10	10	10	9	9
Ita1B6	Ita1	2232	10		B7	Inv1B7	B	3043	3206	3144	3278	3545	3835	4244	4234	3903	4387	4282	3761	3835	4398	10	10	10	10	10	10	10	10	9	9	9	8	8	8	B7	Inv1B7	B	10	10	10	10	10	10	10	10	9	9	9	8	8	8
Ita1C7	Ita1	2207	10		B7	GreB7	B	2781	2744	3013	3412	3516	3712	3961	4127	3731	4087	4398	4313	4722	4996	10	9	9	9	9	9	9	9	8	8	8	7	7	7	B7	GreB7	B	10	9	9	9	9	9	9	9	8	8	8	7	7	7
Ita1B7	Ita1	2461	10		B7	EspB7	B	2779	2916	2817	2896	3165	3168	3533	3694	3525	3719	3784	4194	4238	4431	9	9	8	8	8	8	8	8	8	8	8	8	8	8	B7	EspB7	B	9	9	8	8	8	8	8	8	8	8	8	8	8	8
Ita1C8	Ita1	1886	10		B7	AllC7	C	3292	4248	4056	4350	4638	4577	4667	4582	4876	5224	5350	5616	5844	5894	10	10	10	10	10	10	10	9	9	9	9	9	9	9	B7	AllC7	C	10	10	10	10	10	10	10	9	9	9	9	9	9	9
Ita1B8	Ita1	2630	10		B7	Ita1B7	B	2453	2743	3001	3107	3270	3307	3460	3395	3414	3593	3846	4339	4150	4427	8	8	8	8	8	8	8	7	7	6	6	6	6	6	B7	Ita1B7	B	8	8	8	8	8	8	8	7	7	6	6	6	6	6
Ita1C9	Ita1	2770	10		B7	AllB7	B	3540	3986	3877	4108	4537	4263	4686	4623	4758	4734	4775	5343	4580	4616	10	10	10	10	10	10	10	10	10	9	9	9	8	8	B7	AllB7	B	10	10	10	10	10	10	10	10	10	9	9	9	8	8
Ita1B9	Ita1	1951	10		B7	Inv2C7	C	2288	2660	2859	3116	3133	3353	3396	4055	4580	4698	4711	5459	5450	5878	10	10	10	10	10	10	10	10	10	10	10	10	10	10	B7	Inv2C7	C	10	10	10	10	10	10	10	10	10	10	10	10	10	10
Ita1C10	Ita1	2638	10		B7	FraC7	C	2481	2959	3147	3509	3417	3798	4542	4595	4851	5404	5468	5912	6219	6366	9	9	9	9	9	9	9	9	9	9	9	9	9	9	B7	FraC7	C	9	9	9	9	9	9	9	9	9	9	9	9	9	9
Ita1B10	Ita1	2245	10		B7	WorB7	B	1862	2155	2231	2494	2520	2761	2837	2645	2475	2653	2567	2752	2917	2732	10	10	10	10	10	9	9	7	6	6	6	6	6	6	B7	WorB7	B	10	10	10	10	10	9	9	7	6	6	6	6	6	6
Ita2C1	Ita2	2574	10		B8	Inv1B8	B	2859	3254	3507	3692	3960	4076	4105	3792	3874	4097	4461	4560	4764	4808	10	10	10	10	10	10	10	9	9	8	8	8	8	8	B8	Inv1B8	B	10	10	10	10	10	10	10	9	9	8	8	8	8	8
Ita2B1	Ita2	2452	10		B8	AllB8	B	3412	3193	3240	3290	3422	3570	3696	3772	3872	3659	3556	3650	3749	3860	9	8	8	8	8	8	8	8	8	7	6	6	6	6	B8	AllB8	B	9	8	8	8	8	8	8	8	8	7	6	6	6	6
Ita2C2	Ita2	2425	10		B8	AllC8	C	3295	3917	4179	4361	4625	4621	4805	5090	5209	5492	5004	5922	5999	6240	9	9	9	9	9	9	9	9	9	9	8	8	8	8	B8	AllC8	C	9	9	9	9	9	9	9	9	9	9	8	8	8	8
Ita2B2	Ita2	2661	10		B8	WorC8	C	2350	3121	2992	3012	3048	3361	3303	3779	4096	4526	4526	4972	4750	4482	10	10	10	10	10	10	10	10	10	10	10	10	9	9	B8	WorC8	C	10	10	10	10	10	10	10	10	10	10	10	10	9	9
Ita2C3	Ita2	2318	10		B8	TurB8	B	2704	3443	3373	3509	3614	3938	3682	3708	3993	4170	4269	4147	4335	4438	10	10	10	10	10	10	10	10	10	10	10	9	9	9	B8	TurB8	B	10	10	10	10	10	10	10	10	10	10	10	9	9	9
Ita2B3	Ita2	2527	10		B8	WorB8	B	3261	3223	3417	3480	3752	3871	3832	4188	4380	4768	4953	5317	5628	5462	10	9	9	9	9	9	9	9	9	9	9	9	9	9	B8	WorB8	B	10	9	9	9	9	9	9	9	9	9	9	9	9	9
Ita2C4	Ita2	2300	10		B8	EspC8	C	2305	2896	3007	3146	3277	3143	3174	3296	3219	4275	4473	4619	4897	5534	9	9	9	9	9	8	8	8	8	8	8	8	8	8	B8	EspC8	C	9	9	9	9	9	8	8	8	8	8	8	8	8	8
Ita2B4	Ita2	2231	10		B8	Ita2B8	B	2405	2701	2924	2881	3022	3258	3471	3121	3291	3751	3484	3484	3327	3373	8	8	8	8	8	8	8	7	7	7	6	6	5	5	B8	Ita2B8	B	8	8	8	8	8	8	8	7	7	7	6	6	5	5
Ita2C5	Ita2	2358	10		B8	Inv2C8	C	2460	2824	3122	3307	3384	3809	3907	4167	4293	4371	4458	4544	4964	5162	10	10	10	10	10	10	10	10	10	9	9	9	9	9	B8	Inv2C8	C	10	10	10	10	10	10	10	10	10	9	9	9	9	9
Ita2B5	Ita2	2500	10		B8	GreB8	B	2178	2429	2530	2691	2755	2884	2885	2746	3674	2878	2877	3162	3200	3369	8	8	8	8	8	8	8	7	7	6	6	6	6	6	B8	GreB8	B	8	8	8	8	8	8	8	7	7	6	6	6	6	6
Ita2C6	Ita2	2108	10		B8	EspB8	B	2542	2614	2707	2750	2921	2762	2890	2984	2589	2148	2391	2354	2481	2562	8	7	7	7	7	6	6	6	5	3	3	3	3	3	B8	EspB8	B	8	7	7	7	7	6	6	6	5	3	3	3	3	3
Ita2B6	Ita2	1902	10		B8	FraC8	C	2253	2593	2640	2773	3039	3445	3299	3696	3945	4237	4333	4510	4808	5101	10	10	10	10	10	10	10	10	10	10	10	10	10	10	B8	FraC8	C	10	10	10	10	10	10	10	10	10	10	10	10	10	10
Ita2C7	Ita2	2083	10		B8	Ita1C8	C	2317	2713	2956	3047	3128	3338	3469	3975	4072	4163	4351	4409	4578	4438	10	10	10	10	10	10	10	10	10	9	9	9	9	9	B8	Ita1C8	C	10	10	10	10	10	10	10	10	10	9	9	9	9	9
Ita2B7	Ita2	2266	10		B8	FraB8	B	2194	2338	2403	2445	2572	2553	2567	2392	2704	2971	3140	3412	3285	3075	10	10	10	10	10	10	10	9	9	9	9	9	9	9	B8	FraB8	B	10	10	10	10	10	10	10	9	9	9	9	9	9	9
Ita2C8	Ita2	2264	10		B8	TurC8	C	3543	4175	4551	4745	4910	5207	5116	5327	5560	6295	6649	7121	7500	7227	10	10	10	10	10	10	10	10	10	10	10	10	10	10	B8	TurC8	C	10	10	10	10	10	10	10	10	10	10	10	10	10	10
Ita2B8	Ita2	2940	10		B8	Ita2C8	C	2908	3127	3344	3395	3651	3834	3877	4109	3969	4806	5008	5124	5110	5121	10	10	10	10	10	10	10	10	10	10	10	10	10	10	B8	Ita2C8	C	10	10	10	10	10	10	10	10	10	10	10	10	10	10
Ita2C9	Ita2	2681	10		B8	Inv2B8	B	2037	2063	2357	2307	2347	2525	2492	2565	2683	2826	2853	2986	3138	3104	9	9	9	9	9	9	9	9	9	9	8	8	8	8	B8	Inv2B8	B	9	9	9	9	9	9	9	9	9	9	8	8	8	8
Ita2B9	Ita2	2414	10		B8	GreC8	C	2598	3237	3461	3588	3549	4231	4300	4654	5163	5680	5569	5794	6298	6513	10	10	10	10	10	10	10	10	10	10	10	10	10	10	B8	GreC8	C	10	10	10	10	10	10	10	10	10	10	10	10	10	10
Ita2C10	Ita2	2358	10		B8	Inv1C8	C	2276	2838	2981	3362	3321	3676	3779	4209	4751	5189	5676	6029	6004	6142	10	10	10	10	10	10	10	10	10	10	10	10	10	10	B8	Inv1C8	C	10	10	10	10	10	10	10	10	10	10	10	10	10	10
Ita2B10	Ita2	2426	10		B8	Ita1B8	B	2270	1780	1934	2005	2182	2232	2355	2461	2490	2894	3050	3037	3107	2943	7	5	5	5	5	5	5	5	5	5	5	5	5	5	B8	Ita1B8	B	7	5	5	5	5	5	5	5	5	5	5	5	5	5
TurC1	Tur	2403	10		B9	Ita1B9	B	1931	2054	2059	2203	2302	2158	2245	1994	2328	2575	2759	2884	2884	2896	10	8	8	8	8	7	7	6	6	6	6	5	5	5	B9	Ita1B9	B	10	8	8	8	8	7	7	6	6	6	6	5	5	5
TurB1	Tur	2701	10		B9	TurB9	B	2988	3395	3430	3558	3712	3990	4210	4649	4519	5017	5129	5232	5233	5468	10	10	10	10	10	10	10	10	10	10	10	10	10	10	B9	TurB9	B	10	10	10	10	10	10	10	10	10	10	10	10	10	10
TurC2	Tur	2654	10		B9	Inv2C9	C	2226	2459	2568	2919	3005	2967	3176	3518	3863	4058	4560	4262	4353	4808	10	10	10	10	10	10	10	10	10	10	10	9	9	9	B9	Inv2C9	C	10	10	10	10	10	10	10	10	10	10	10	9	9	9
TurB2	Tur	2621	10		B9	FraB9	B	2019	2396	2569	2812	3003	2912	2837	3981	3755	4116	4290	4641	4899	4728	10	10	10	10	10	10	10	10	10	10	10	10	10	10	B9	FraB9	B	10	10	10	10	10	10	10	10	10	10	10	10	10	10
TurC3	Tur	2566	10		B9	WorC9	C	3390	3792	3975	3944	4373	4566	4881	5358	5440	5599	6005	6992	7080	7654	10	10	10	10	10	10	10	10	10	10	10	10	10	10	B9	WorC9	C	10	10	10	10	10	10	10	10	10	10	10	10	10	10
TurB3	Tur	2720	10		B9	TurC9	C	3935	4292	4273	4662	4859	4904	5048	5347	5636	6525	6139	6681	7044	7118	10	10	9	9	9	9	9	9	9	9	8	8	8	8	B9	TurC9	C	10	10	9	9	9	9	9	9	9	9	8	8	8	8
TurC4	Tur	2237	10		B9	AllC9	C	3031	3784	3776	3900	4088	4257	4288	4781	5108	5493	5741	6162	6484	6403	10	10	10	10	10	10	10	10	10	10	10	10	10	10	B9	AllC9	C	10	10	10	10	10	10	10	10	10	10	10	10	10	10
TurB4	Tur	3227	10		B9	GreC9	C	3127	3508	3633	3847	4200	4317	4605	5108	5436	6308	6592	7221	7168	7733	10	10	10	10	10	10	10	10	10	10	10	10	10	10	B9	GreC9	C	10	10	10	10	10	10	10	10	10	10	10	10	10	10
TurC5	Tur	3027	10		B9	AllB9	B	2882	3418	3369	3449	3562	3595	3787	4017	4104	4241	4391	3840	4155	4660	10	10	10	10	10	10	10	10	10	9	9	8	8	8	B9	AllB9	B	10	10	10	10	10	10	10	10	10	9	9	8	8	8
TurB5	Tur	2992	10		B9	Inv2B9	B	2030	2560	2654	2859	2924	2949	3140	3281	3531	3800	3798	4279	3882	3957	10	10	10	10	10	10	10	10	10	10	9	9	9	9	B9	Inv2B9	B	10	10	10	10	10	10	10	10	10	10	9	9	9	9
TurC6	Tur	2258	10		B9	Inv1C9	C	2894	3229	3298	3461	3601	3407	3777	4010	4325	4757	4920	5342	5541	6051	10	10	10	10	10	9	9	9	9	9	9	9	9	9	B9	Inv1C9	C	10	10	10	10	10	9	9	9	9	9	9	9	9	9
TurB6	Tur	2705	10		B9	EspC9	C	2080	2148	2241	2476	2938	3046	2958	3166	3616	3806	4111	4595	4658	4557	10	8	8	8	8	8	8	8	8	8	8	8	8	7	B9	EspC9	C	10	8	8	8	8	8	8	8	8	8	8	8	8	7
TurC7	Tur	2188	10		B9	GreB9	B	2689	2522	2601	2795	2976	3057	3047	3295	3539	3365	3770	3698	3984	4269	10	9	9	9	9	9	9	9	9	7	7	7	7	7	B9	GreB9	B	10	9	9	9	9	9	9	9	9	7	7	7	7	7
TurB7	Tur	2561	10		B9	Ita2B9	B	2358	3220	3291	3379	3524	3611	3825	4206	4374	4740	4866	4900	5138	4625	10	10	10	10	10	10	10	10	10	10	10	10	10	8	B9	Ita2B9	B	10	10	10	10	10	10	10	10	10	10	10	10	10	8
TurC8	Tur	3070	10		B9	Inv1B9	B	2417	2554	2616	2405	2509	2361	2394	2382	2528	2516	2673	2795	3172	3281	9	9	9	8	8	7	7	6	6	6	6	6	6	6	B9	Inv1B9	B	9	9	9	8	8	7	7	6	6	6	6	6	6	6
TurB8	Tur	2567	10		B9	FraC9	C	2344	2819	2750	2966	3277	3245	3622	3782	4029	4546	4687	4959	5292	5662	9	9	9	9	9	9	9	9	9	9	9	9	9	9	B9	FraC9	C	9	9	9	9	9	9	9	9	9	9	9	9	9	9
TurC9	Tur	2952	10		B9	WorB9	B	2652	3058	3108	3148	3248	3664	3387	3525	3340	3645	3687	3916	3638	3905	10	10	10	9	9	9	9	9	8	8	8	8	8	8	B9	WorB9	B	10	10	10	9	9	9	9	9	8	8	8	8	8	8
TurB9	Tur	2270	10		B9	Ita2C9	C	3412	3840	4027	4264	4510	4564	4750	4995	5393	6105	6529	6562	6759	7023	10	10	10	10	10	10	10	10	10	10	10	9	9	9	B9	Ita2C9	C	10	10	10	10	10	10	10	10	10	10	10	9	9	9
TurC10	Tur	2550	10		B9	Ita1C9	C	3244	3655	3878	4260	4453	4584	4588	4319	4548	5383	5876	6191	6657	7536	10	10	10	10	10	10	10	9	9	9	9	9	9	9	B9	Ita1C9	C	10	10	10	10	10	10	10	9	9	9	9	9	9	9
TurB10	Tur	3063	10		B9	EspB9	B	1803	1925	2027	1938	1970	2107	2066	2273	2335	2319	1845	1579	1554	1527	6	6	6	5	5	5	5	5	5	5	4	3	3	3	B9	EspB9	B	6	6	6	5	5	5	5	5	5	5	4	3	3	3
WorC1	Wor	2402	10		B10	Ita1C10	C	2881	3555	3789	4267	4230	4237	4306	4578	4717	5244	5630	6080	6162	6437	10	10	10	10	10	10	10	10	10	10	10	10	10	9	B10	Ita1C10	C	10	10	10	10	10	10	10	10	10	10	10	10	10	9
WorB1	Wor	1866	10		B10	FraB10	B	1481	1639	1750	1712	1726	1783	1893	1957	2247	2348	2507	2450	2368	2507	8	8	8	7	7	7	7	7	7	7	7	7	7	7	B10	FraB10	B	8	8	8	7	7	7	7	7	7	7	7	7	7	7
WorC2	Wor	2172	10		B10	Ita1B10	B	2527	2776	2860	2878	2821	2838	2998	2954	3079	2803	2733	2716	3157	3395	9	9	9	8	8	8	8	8	8	7	7	7	7	7	B10	Ita1B10	B	9	9	9	8	8	8	8	8	8	7	7	7	7	7
WorB2	Wor	2219	10		B10	WorC10	C	2213	2646	2830	3069	3253	3290	3334	3603	4045	4397	4752	4610	5228	5390	10	10	10	10	10	10	10	10	10	10	10	10	10	10	B10	WorC10	C	10	10	10	10	10	10	10	10	10	10	10	10	10	10
WorC3	Wor	2090	10		B10	Inv1C10	C	2776	3669	3839	3958	3978	4205	4435	4971	5661	6091	6545	6899	6845	7477	10	10	10	10	10	10	10	10	10	10	10	10	10	10	B10	Inv1C10	C	10	10	10	10	10	10	10	10	10	10	10	10	10	10
WorB3	Wor	2507	10		B10	Ita2B10	B	3178	3624	3745	3883	4104	4025	4238	4350	5018	5424	5862	6397	6099	5709	10	10	10	10	10	10	10	10	10	10	10	10	9	9	B10	Ita2B10	B	10	10	10	10	10	10	10	10	10	10	10	10	9	9
WorC4	Wor	2118	10		B10	Inv2B10	B	1759	2090	2241	2384	2400	2376	2351	2777	3168	3633	3920	4039	4013	5921	8	8	8	8	8	8	8	8	8	8	8	8	8	8	B10	Inv2B10	B	8	8	8	8	8	8	8	8	8	8	8	8	8	8
WorB4	Wor	2041	10		B10	Inv1B10	B	2765	2965	3088	3354	3412	3411	3429	3258	3698	3925	3999	4121	4277	3925	9	9	9	9	9	9	9	8	8	7	7	7	7	7	B10	Inv1B10	B	9	9	9	9	9	9	9	8	8	7	7	7	7	7
WorC5	Wor	2113	10		B10	FraC10	C	1994	2508	2688	2977	2987	3124	3265	3507	3888	4171	4540	4824	5230	5045	10	10	10	10	10	10	10	10	10	10	10	10	10	10	B10	FraC10	C	10	10	10	10	10	10	10	10	10	10	10	10	10	10
WorB5	Wor	2298	10		B10	EspB10	B	2631	2871	2890	3075	3254	3530	3640	3579	3750	3750	4160	4332	4452	4642	9	9	9	9	9	9	9	9	9	8	8	8	8	8	B10	EspB10	B	9	9	9	9	9	9	9	9	9	8	8	8	8	8
WorC6	Wor	2024	10		B10	Ita2C10	C	2731	3269	3331	3439	3506	3764	4059	4380	4400	5081	5181	5161	4960	5258	10	10	10	10	10	10	10	10	10	10	10	10	10	10	B10	Ita2C10	C	10	10	10	10	10	10	10	10	10	10	10	10	10	10
WorB6	Wor	1909	10		B10	EspC10	C	2553	2972	3168	3340	3555	3632	3760	4070	4379	4028	4455	4220	4237	4315	10	10	10	10	10	10	10	10	10	9	9	8	8	7	B10	EspC10	C	10	10	10	10	10	10	10	10	10	9	9	8	8	7
WorC7	Wor	2137	10		B10	GreB10	B	2450	2411	2478	2587	2813	2835	2709	2408	2466	2827	2038	1910	2115	2150	9	8	8	8	8	8	7	6	6	6	4	3	3	3	B10	GreB10	B	9	8	8	8	8	8	7	6	6	6	4	3	3	3
WorB7	Wor	1789	10		B10	Inv2C10	C	2384	2915	3086	3187	3463	3455	3904	4119	4428	5226	5703	6049	6348	6923	10	10	10	10	10	10	10	10	10	10	10	10	10	10	B10	Inv2C10	C	10	10	10	10	10	10	10	10	10	10	10	10	10	10
WorC8	Wor	1962	10		B10	TurB10	B	3192	3795	4070	4143	4289	4527	4494	4612	4955	5466	5552	5602	5688	6329	9	9	9	9	9	9	9	9	9	9	8	8	8	8	B10	TurB10	B	9	9	9	9	9	9	9	9	9	9	8	8	8	8
WorB8	Wor	2472	10		B10	WorB10	B	2105	2439	2351	2587	2775	2861	2935	3028	3061	3872	3825	3919	4183	4448	9	9	8	8	8	8	8	8	8	8	8	8	8	8	B10	WorB10	B	9	9	8	8	8	8	8	8	8	8	8	8	8	8
WorC9	Wor	2625	10		B10	TurC10	C	3111	3346	3577	3800	3992	3897	4041	4500	4672	5270	5738	6110	6124	6347	10	9	9	9	9	9	9	9	9	9	9	9	9	9	B10	TurC10	C	10	9	9	9	9	9	9	9	9	9	9	9	9	9
WorB9	Wor	2718	10		B10	AllB10	B	3314	3884	4037	4049	4360	4290	4431	4366	4589	5130	5680	5775	6436	6508	10	10	10	9	9	9	9	9	9	9	9	9	9	9	B10	AllB10	B	10	10	10	9	9	9	9	9	9	9	9	9	9	9
WorC10	Wor	1986	10		B10	GreC10	C	2847	3566	3683	3858	4155	3964	4062	4661	5296	5742	5861	6419	6538	6829	10	10	10	10	10	10	10	10	10	10	10	10	10	10	B10	GreC10	C	10	10	10	10	10	10	10	10	10	10	10	10	10	10
WorB10	Wor	2049	10		B10	AllC10	C	3580	4469	4781	5002	5115	5212	5151	5640	5223	5401	6040	6814	6469	6580	10	10	10	10	10	10	10	10	9	9	9	9	9	9	B10	AllC10	C	10	10	10	10	10	10	10	10	9	9	9	9	9	9
