Identity	Bloc	Trt	Wound	Strain	Initial_Mass	Initial_Number	2	4	7	9	11	14	16	18	2	4	7	9	11	14	16	18
1-Ita1LevSer-B1	B1	Lev	Ser	Ita	7393	10	6995	6753	7295	8151	8370	7141	6101	4920	10	9	9	8	8	7	6	5
2-Can1LevSer-B1	B1	Lev	Ser	Can	5340	10	6423	7023	7289	7692	8322	9776	10120	10238	10	10	10	10	10	10	10	10
3-Gre1LevSer-B1	B1	Lev	Ser	Gre	6762	10	7124	7823	8662	9115	9752	10546	7798	7858	10	10	10	10	9	9	7	7
4-Can1ConSer-B1	B1	Con	Ser	Can	4854	10	4975	5504	5322	6331	6675	7091	6969	6780	10	10	9	9	8	8	8	8
5-Ita1ConSer-B1	B1	Con	Ser	Ita	5674	10	6401	6968	5764	6380	6686	7934	7948	7948	10	10	7	7	7	7	7	7
6-Gre1ConSer-B1	B1	Con	Ser	Gre	5352	10	6007	6465	6474	5939	5979	7979	7962	7942	9	10	8	7	6	6	6	6
7-Gre1LevNon-B1	B1	Lev	Non	Gre	6451	11	7558	8499	9617	10655	12192	14736	14707	13036	10	10	10	10	10	10	10	9
8-Ita1LevNon-B1	B1	Lev	Non	Ita	6037	10	7224	8131	8303	10460	11713	11124	11325	10204	10	10	10	10	10	9	9	8
9-Can1LevNon-B1	B1	Lev	Non	Can	5596	10	6239	7469	8263	8848	10113	12586	12318	10781	10	10	10	10	10	10	10	9
10-Gre1ConNon-B1	B1	Con	Non	Gre	5136	10	6415	7694	8223	9609	10672	12920	13303	13553	10	10	10	10	10	10	10	10
11-Ita1ConNon-B1	B1	Con	Non	Ita	5374	10	5942	6241	7325	8360	9562	12374	12218	10707	10	10	10	10	10	10	10	9
12-Can1ConNon-B1	B1	Con	Non	Can	5328	10	6261	7616	8170	9236	9956	11201	11883	11368	10	10	10	10	10	10	10	9
13-Gre1BacSte-B1	B1	Bac	Ste	Gre	6100	10	7352	8365	9525	10397	11449	12865	11622	11777	10	10	10	10	10	10	8	8
14-Ita1BacSte-B1	B1	Bac	Ste	Ita	5999	10	6865	7887	7789	8451	9158	11049	10251	10231	10	10	9	9	9	9	8	8
15-Can1BacSte-B1	B1	Bac	Ste	Can	4753	10	5995	7266	7259	7932	9041	11465	11699	11587	10	10	10	10	10	10	10	10
16-Ita1ConSte-B1	B1	Con	Ste	Ita	5776	10	6437	7666	9277	9648	10235	12543	11257	11029	10	10	10	10	10	10	9	9
17-Can1ConSte-B1	B1	Con	Ste	Can	5395	10	6139	7363	8480	8862	9261	12063	12376	11835	10	10	10	10	10	10	10	10
18-Gre1ConSte-B1	B1	Con	Ste	Gre	5220	10	6306	7534	8174	9028	9859	12875	13420	13405	10	10	10	10	10	10	10	10
19-Gre1LevSte-B1	B1	Lev	Ste	Gre	6381	10	7622	8646	10109	10176	11198	13696	12597	12474	10	10	10	10	10	10	9	9
20-Ita1LevSte-B1	B1	Lev	Ste	Ita	5539	10	6794	7616	7765	7785	8514	9420	9445	8071	10	10	9	9	9	8	8	7
21-Can1LevSte-B1	B1	Lev	Ste	Can	5440	10	6232	7112	7469	8689	9084	11026	11250	11268	10	10	10	10	10	10	10	10
22-Can1BacSer-B1	B1	Bac	Ser	Can	4963	10	5369	5836	6474	7461	7890	8847	7680	7581	9	9	9	9	9	9	8	8
23-Gre1BacSer-B1	B1	Bac	Ser	Gre	5478	10	6065	6723	7327	8060	8899	10559	10666	10558	10	10	10	10	10	10	10	10
24-Ita1BacSer-B1	B1	Bac	Ser	Ita	5221	10	5581	5997	5865	7571	8414	9449	9867	10074	9	9	9	9	9	9	9	9
25-Can1BacNon-B1	B1	Bac	Non	Can	4864	10	5817	7564	8219	8985	9586	10706	10639	10894	10	10	10	10	10	9	9	9
26-Gre1BacNon-B1	B1	Bac	Non	Gre	6545	10	7991	8899	10644	11465	12339	14223	12823	11469	10	10	10	10	10	10	9	8
27-Ita1BacNon-B1	B1	Bac	Non	Ita	5149	10	5851	7559	8667	9166	9851	12920	13178	13015	10	10	10	10	10	10	10	10
1-Gre2ConNon-B2	B2	Con	Non	Gre	4374	10	5664	7205	7690	8717	10911	12510	12801	12985	10	10	10	10	10	10	10	10
2-Ita2ConNon-B2	B2	Con	Non	Ita	5504	10	6507	7628	8897	9720	11854	11971	12090	12058	10	10	10	10	10	9	9	9
3-Can2ConNon-B2	B2	Con	Non	Can	4774	10	5826	6896	7533	8455	9904	11171	10109	10254	10	10	10	10	10	10	9	9
4-Ita2LevNon-B2	B2	Lev	Non	Ita	6305	10	7922	9039	9249	10702	12042	12254	12407	12292	10	10	10	10	10	9	9	10
5-Can2LevNon-B2	B2	Lev	Non	Can	5291	9	7067	8070	8873	9901	11238	12450	12569	12357	10	10	10	10	10	10	10	10
6-Gre2LevNon-B2	B2	Lev	Non	Gre	6983	10	7416	8752	10284	11410	13432	13697	11558	10594	10	10	10	10	10	10	8	7
7-Can2BacSte-B2	B2	Bac	Ste	Can	4380	10	4983	5385	5732	6840	8402	9321	9792	10223	10	9	9	9	9	9	9	9
8-Gre2BacSte-B2	B2	Bac	Ste	Gre	6455	10	7205	7742	8354	9454	9730	9581	9785	9521	10	10	10	10	10	9	9	9
9-Ita2BacSte-B2	B2	Bac	Ste	Ita	7378	10	7604	8518	8557	9599	10705	11424	11765	10665	10	10	10	9	9	9	9	8
10-Gre2LevSer-B2	B2	Lev	Ser	Gre	6582	9	7500	7847	8342	8062	8889	10087	10681	10219	10	10	10	9	9	9	9	10
11-Can2LevSer-B2	B2	Lev	Ser	Can	5956	10	6091	6542	7226	7897	8670	9355	8439	8317	9	8	8	8	8	8	7	7
12-Ita2LevSer-B2	B2	Lev	Ser	Ita	7033	10	7589	8549	9106	8735	9815	10942	9199	8929	10	10	10	9	9	9	8	8
13-Gre2LevSte-B2	B2	Lev	Ste	Gre	5975	10	7117	8287	8349	9366	10786	12148	12164	11870	10	10	10	10	10	9	9	9
14-Can2LevSte-B2	B2	Lev	Ste	Can	4264	10	4970	5853	6565	7372	8442	10024	10210	9964	10	10	10	10	10	10	10	10
15-Ita2LevSte-B2	B2	Lev	Ste	Ita	6899	10	8205	8860	9138	9651	11984	13122	12945	12543	10	10	10	10	10	10	10	10
16-Gre2ConSer-B2	B2	Con	Ser	Gre	5234	10	6010	6338	6359	7168	8177	8156	8001	7974	10	9	9	9	9	8	8	8
17-Ita2ConSer-B2	B2	Con	Ser	Ita	5945	10	6165	7099	7372	8446	9584	10146	10025	8599	9	9	9	9	9	8	8	7
18-Can2ConSer-B2	B2	Con	Ser	Can	5079	10	5395	5436	5751	7653	8324	9117	9578	9812	10	9	9	9	9	9	9	9
19-Gre2ConSte-B2	B2	Con	Ste	Gre	5205	10	6103	6822	7186	8699	10317	12112	12760	12792	10	10	10	10	10	10	10	10
20-Ita2ConSte-B2	B2	Con	Ste	Ita	6085	10	6503	7833	9144	9080	11344	12569	13431	13092	10	10	10	10	10	10	9	9
21-Can2ConSte-B2	B2	Con	Ste	Can	4757	10	5105	5774	7398	7508	9668	10456	11235	11109	10	10	10	10	10	10	10	9
22-Gre2BacSer-B2	B2	Bac	Ser	Gre	5949	10	7118	8236	8186	9081	10326	11690	12010	11994	10	10	10	10	10	10	10	10
23-Can2BacSer-B2	B2	Bac	Ser	Can	4731	10	4953	5017	4388	5425	5969	6294	6324	6373	9	8	7	7	7	7	7	7
24-Ita2BacSer-B2	B2	Bac	Ser	Ita	5436	10	5914	6664	7138	8476	9474	10106	9800	9427	10	10	10	10	10	10	10	9
25-Ita2BacNon-B2	B2	Bac	Non	Ita	4981	10	5431	6305	7482	9007	9621	11553	12332	12756	10	10	10	10	10	10	10	10
26-Gre2BacNon-B2	B2	Bac	Non	Gre	5945	10	7967	9196	9417	10203	12168	13747	13756	13683	10	10	10	10	10	10	10	10
27-Can2BacNon-B2	B2	Bac	Non	Can	4402	10	5846	6868	7078	7938	9705	11205	11094	11190	10	10	10	10	10	10	10	10
1-Gre3LevSte-B3	B3	Lev	Ste	Gre	5100	10	6224	7039	8025	8522	9441	12318	12504	12267	10	10	10	10	10	10	10	10
2-Ita3LevSte-B3	B3	Lev	Ste	Ita	5882	10	7288	8323	9017	10179	11315	13462	13559	13276	10	10	10	10	10	10	10	10
3-Can3LevSte-B3	B3	Lev	Ste	Can	4549	10	5541	6275	6656	8543	9083	10257	10563	10312	10	10	10	10	10	10	10	10
4-Can3LevNon-B3	B3	Lev	Non	Can	5136	10	6521	7334	8081	8969	9985	11420	11394	11155	10	10	10	10	10	9	9	9
5-Ita3LevNon-B3	B3	Lev	Non	Ita	6691	10	7449	7975	9166	10456	11065	10946	11768	10389	10	10	10	10	10	9	9	8
6-Gre3LevNon-B3	B3	Lev	Non	Gre	6624	10	7825	8796	9472	10260	10980	11577	10639	10429	10	10	10	10	9	8	7	7
7-Ita3ConSer-B3	B3	Con	Ser	Ita	5788	10	5958	6685	7263	7857	8311	9579	10519	10439	10	10	10	10	10	10	10	10
8-Can3ConSer-B3	B3	Con	Ser	Can	4874	10	5576	6020	6009	7576	8165	8339	8719	8733	10	10	10	10	9	9	9	8
9-Gre3ConSer-B3	B3	Con	Ser	Gre	5771	10	5661	6199	6156	6824	7991	8855	8679	8586	9	9	9	9	9	9	9	9
10-Gre3BacSer-B3	B3	Bac	Ser	Gre	6412	10	7072	7244	7858	9333	10162	11114	12069	12216	10	10	10	10	10	10	10	10
11-Ita3BacSer-B3	B3	Bac	Ser	Ita	4595	10	4240	4789	4705	4799	5646	6340	6017	6170	10	9	9	7	7	7	6	6
12-Can3BacSer-B3	B3	Bac	Ser	Can	4748	10	5583	5874	6740	7430	7801	9918	10609	9161	10	10	10	10	10	10	10	9
13-Ita3ConNon-B3	B3	Con	Non	Ita	7356	10	8313	9506	10201	11953	12713	14691	13428	8903	10	10	10	10	10	10	9	6
14-Gre3ConNon-B3	B3	Con	Non	Gre	4677	10	6720	7125	7837	9363	10123	12071	13384	13587	10	10	10	10	10	10	10	10
15-Can3ConNon-B3	B3	Con	Non	Can	4179	10	5139	5855	6703	8021	8854	10695	11569	11595	10	10	10	10	10	10	10	10
16-Ita3BacNon-B3	B3	Bac	Non	Ita	5241	10	6421	7415	7841	9352	10793	11635	12983	12439	10	10	10	10	10	10	10	10
17-Can3BacNon-B3	B3	Bac	Non	Can	4775	10	5645	6137	6831	9150	9585	10483	11808	11834	10	10	10	10	10	10	10	10
18-Gre3BacNon-B3	B3	Bac	Non	Gre	6300	10	7660	9685	10109	11093	12368	13518	11664	11727	10	10	10	10	10	10	8	8
19-Can3ConSte-B3	B3	Con	Ste	Can	4648	10	5007	5579	6029	6613	8040	9763	9974	9839	10	10	10	10	10	10	10	10
20-Gre3ConSte-B3	B3	Con	Ste	Gre	5436	10	6151	6603	6967	8139	9078	10380	10706	10919	9	9	9	9	9	9	9	9
21-Ita3ConSte-B3	B3	Con	Ste	Ita	5997	10	6645	7626	8423	9952	10109	11211	11924	10199	10	10	10	10	9	9	9	8
22-Gre3LevSer-B3	B3	Lev	Ser	Gre	5659	10	6246	6736	6989	7739	8360	8010	8592	8437	10	10	10	10	10	9	9	9
23-Ita3LevSer-B3	B3	Lev	Ser	Ita	6345	10	6811	7566	8067	8623	9630	11362	10363	10080	10	10	10	10	10	10	9	9
24-Can3LevSer-B3	B3	Lev	Ser	Can	5515	10	5946	6048	6230	6902	7706	9504	9665	9398	10	9	9	9	8	8	8	8
25-Ita3BacSte-B3	B3	Bac	Ste	Ita	6006	10	6140	7435	8763	9801	11366	13654	13955	13870	10	10	10	10	10	10	10	10
26-Gre3BacSte-B3	B3	Bac	Ste	Gre	6039	10	7076	8038	8665	9537	10628	12777	12842	12554	10	10	10	10	10	10	10	9
27-Can3BacSte-B3	B3	Bac	Ste	Can	4639	10	5497	6218	6804	7368	8719	10905	11027	10782	10	10	10	10	10	10	10	10
1-Can4ConSer-B4	B4	Con	Ser	Can	4572	10	4718	4435	5330	5096	5116	6893	6921	6867	10	9	9	9	9	9	8	8
2-Ita4ConSer-B4	B4	Con	Ser	Ita	6070	10	6065	6181	6969	6659	6779	8656	6941	6591	10	10	8	8	8	8	6	5
3-Gre4ConSer-B4	B4	Con	Ser	Gre	5185	10	5871	6427	6949	8345	8997	9173	10532	10571	10	10	10	10	10	10	10	9
4-Gre4BacNon-B4	B4	Bac	Non	Gre	5792	10	6588	7805	8269	10365	11164	12204	11816	11907	10	10	10	10	10	10	9	9
5-Can4BacNon-B4	B4	Bac	Non	Can	4300	10	4684	6029	7161	7538	8406	10898	11601	11444	10	10	10	10	10	10	10	10
6-Ita4BacNon-B4	B4	Bac	Non	Ita	5822	10	6774	8118	9358	9742	9997	11885	12219	11947	10	10	10	10	9	9	9	9
7-Ita4BacSte-B4	B4	Bac	Ste	Ita	4612	10	4400	5428	6428	6256	6937	9072	9560	9452	10	10	10	9	9	9	9	9
8-Can4BacSte-B4	B4	Bac	Ste	Can	4958	10	6160	7318	6812	8106	8719	9628	9872	10217	10	10	9	9	9	9	9	9
9-Gre4BacSte-B4	B4	Bac	Ste	Gre	4315	10	6737	7792	8748	9116	10382	12344	12821	12439	10	10	10	10	10	10	10	9
10-Can4LevSte-B4	B4	Lev	Ste	Can	5653	10	6179	7180	7672	8885	9599	11462	11724	11681	10	10	10	10	10	10	10	10
11-Gre4LevSte-B4	B4	Lev	Ste	Gre	5970	10	7203	7785	7713	8624	9602	11432	11433	11156	10	10	10	10	10	10	10	10
12-Ita4LevSte-B4	B4	Lev	Ste	Ita	5998	10	7533	8438	9025	9940	10547	12419	11138	10800	10	10	10	10	10	10	9	9
13-Can4ConSte-B4	B4	Con	Ste	Can	4718	10	5815	6933	7976	8226	8975	11368	11654	11125	10	10	10	10	10	10	10	10
14-Gre4ConSte-B4	B4	Con	Ste	Gre	4980	10	4971	5482	6408	7356	7754	8955	9790	9952	10	9	9	9	9	9	9	9
15-Ita4ConSte-B4	B4	Con	Ste	Ita	5093	10	5446	6292	7421	9007	9667	12015	12491	12846	10	10	10	10	10	10	10	10
16-Ita4LevSer-B4	B4	Lev	Ser	Ita	6979	10	6700	7157	7671	8436	8584	10845	10641	10298	10	10	10	9	9	9	9	8
17-Gre4LevSer-B4	B4	Lev	Ser	Gre	5691	10	6354	6471	6806	7729	8179	7965	7568	7525	10	9	8	9	9	8	7	7
18-Can4LevSer-B4	B4	Lev	Ser	Can	4606	10	4785	4861	5686	6050	6233	6994	7336	5803	10	10	9	9	9	9	9	8
19-Ita4LevNon-B4	B4	Lev	Non	Ita	5712	10	7385	8894	9146	9195	9821	10759	11189	11221	10	10	10	9	9	8	8	8
20-Can4LevNon-B4	B4	Lev	Non	Can	4991	10	5558	6533	8182	8774	9492	12116	12128	11867	10	10	10	10	10	10	10	10
21-Gre4LevNon-B4	B4	Lev	Non	Gre	6446	10	7248	8623	9434	10846	12024	13889	13901	13745	10	10	10	10	10	10	10	10
22-Can4BacSer-B4	B4	Bac	Ser	Can	4603	10	5175	5167	5964	6021	6579	6676	8027	6378	10	10	9	9	9	9	9	8
23-Gre4BacSer-B4	B4	Bac	Ser	Gre	5641	10	5788	6260	6828	6322	6106	7043	7386	7023	10	10	10	9	8	8	8	7
24-Ita4BacSer-B4	B4	Bac	Ser	Ita	5729	10	5849	5635	6252	7000	7084	7526	7573	6404	10	10	9	10	8	8	7	6
25-Ita4ConNon-B4	B4	Con	Non	Ita	6412	10	7616	8119	10237	10521	11274	13861	12604	12045	10	10	10	10	10	10	9	9
26-Gre4ConNon-B4	B4	Con	Non	Gre	4433	9	6449	7299	7907	9181	10122	12269	12832	12890	10	10	10	10	10	10	10	10
27-Can4ConNon-B4	B4	Con	Non	Can	4489	10	5345	6706	7119	7239	8258	11172	10901	10731	10	10	10	10	10	10	10	10
1-Can5LevSer-B5	B5	Lev	Ser	Can	5802	10	6961	7468	7819	9157	9208	9206	6995	6851	10	10	10	10	10	9	6	6
2-Gre5LevSer-B5	B5	Lev	Ser	Gre	7210	10	6777	6980	7383	7625	8653	9099	9122	7290	9	9	9	8	8	8	8	6
3-Ita5LevSer-B5	B5	Lev	Ser	Ita	6915	10	7676	8550	8910	10263	11207	12002	12224	12085	10	10	10	10	10	10	10	10
4-Ita5BacSer-B5	B5	Bac	Ser	Ita	5950	10	6377	7091	7105	7801	9083	8851	8551	8737	10	10	10	10	10	9	8	8
5-Gre5BacSer-B5	B5	Bac	Ser	Gre	6137	10	5598	6179	5705	7044	7516	7125	7785	8069	8	8	7	7	7	6	6	6
6-Can5BacSer-B5	B5	Bac	Ser	Can	4873	10	4739	5269	5956	6510	7219	8609	8716	8877	9	10	9	9	9	9	9	9
7-Ita5ConNon-B5	B5	Con	Non	Ita	6299	12	6083	7346	8106	9154	10812	12966	12946	13042	10	10	10	10	10	10	10	10
8-Can5ConNon-B5	B5	Con	Non	Can	4608	10	4971	6912	7935	8114	9731	12285	13087	13049	10	10	10	10	10	10	10	10
9-Gre5ConNon-B5	B5	Con	Non	Gre	5282	10	6900	7699	8026	11370	12451	12715	13246	13458	10	10	10	10	10	10	10	10
10-Gre5ConSte-B5	B5	Con	Ste	Gre	4069	10	5786	6084	6272	8646	9953	10753	11427	11780	10	10	10	10	10	10	10	10
11-Ita5ConSte-B5	B5	Con	Ste	Ita	6032	10	6667	6793	8751	9833	10941	13416	13641	13576	10	10	10	10	10	10	10	10
12-Can5ConSte-B5	B5	Con	Ste	Can	4157	10	4496	5287	6601	7187	8372	9790	10493	10475	10	10	10	10	10	10	10	10
13-Gre5LevNon-B5	B5	Lev	Non	Gre	5535	10	6037	7108	8450	9924	11282	12439	13134	11585	9	9	9	9	9	9	9	8
14-Ita5LevNon-B5	B5	Lev	Non	Ita	5800	10	7513	8481	9225	11150	12908	14225	13577	13510	10	10	10	10	10	10	10	10
15-Can5LevNon-B5	B5	Lev	Non	Can	5125	10	5869	6346	7527	8055	9534	11558	11675	11447	10	9	9	9	9	9	9	9
16-Can5BacNon-B5	B5	Bac	Non	Can	3935	10	4297	4652	6453	7589	8174	9919	11109	11374	10	10	10	10	10	10	10	10
17-Ita5BacNon-B5	B5	Bac	Non	Ita	4979	10	5499	6881	8035	8968	10412	12328	12530	12406	10	10	10	10	10	10	10	10
18-Gre5BacNon-B5	B5	Bac	Non	Gre	5015	10	6571	7168	8420	9955	10236	12081	13169	12977	10	10	10	10	9	9	9	9
19-Ita5BacSte-B5	B5	Bac	Ste	Ita	4275	9	5148	6136	6541	7826	8905	10096	10817	10880	10	10	10	10	10	10	10	10
20-Gre5BacSte-B5	B5	Bac	Ste	Gre	5112	10	6331	7197	8026	8715	10718	11136	11843	10692	10	10	10	10	10	10	10	8
21-Can5BacSte-B5	B5	Bac	Ste	Can	4841	10	5487	6168	6607	7915	8834	9672	9880	10178	10	10	10	10	10	10	10	10
22-Gre5LevSte-B5	B5	Lev	Ste	Gre	6380	10	7022	8078	9266	10630	12347	13190	12226	10481	10	10	10	10	10	10	9	8
23-Ita5LevSte-B5	B5	Lev	Ste	Ita	7388	10	8167	9153	10196	10810	12850	14649	13243	12931	10	10	10	10	10	10	9	9
24-Can5LevSte-B5	B5	Lev	Ste	Can	4762	10	6518	7830	7531	9759	11053	11716	11681	11515	10	10	10	10	10	10	10	10
25-Ita5ConSer-B5	B5	Con	Ser	Ita	6496	10	7039	8048	8072	10175	10324	10715	11923	12359	10	10	10	10	9	9	9	9
26-Can5ConSer-B5	B5	Con	Ser	Can	4256	10	3646	2742	3433	3971	3813	4047	3441	3408	9	7	7	7	6	6	5	4
27-Gre5ConSer-B5	B5	Con	Ser	Gre	5719	10	6239	6715	7254	8584	9032	9779	10003	10203	10	10	10	10	9	9	9	9
1-Ita6ConNon-B6	B6	Con	Non	Ita	5393	10	5570	6348	8407	8960	9578	13527	13890	13695	10	10	10	10	10	10	10	10
2-Gre6ConNon-B6	B6	Con	Non	Gre	5681	10	7281	8950	9077	10640	11659	14589	14517	14104	10	10	10	10	10	10	10	10
3-Can6ConNon-B6	B6	Con	Non	Can	4153	10	4319	5913	6265	6590	7211	10737	10345	10123	9	9	9	9	9	9	9	9
4-Ita6BacSer-B6	B6	Bac	Ser	Ita	3525	10	3264	3411	3929	3558	3784	4848	4940	5103	9	8	8	7	7	7	7	7
5-Gre6BacSer-B6	B6	Bac	Ser	Gre	5185	10	5724	6606	6273	7632	8812	10063	10649	10703	10	10	9	9	9	9	9	9
6-Can6BacSer-B6	B6	Bac	Ser	Can	4739	10	5395	6161	6263	6342	6987	9020	9286	8987	10	10	9	9	9	8	8	8
7-Can6ConSte-B6	B6	Con	Ste	Can	4678	10	5435	6182	6025	6335	7053	9171	8708	8622	10	10	9	9	9	9	9	9
8-Ita6ConSte-B6	B6	Con	Ste	Ita	4954	9	6941	8255	8569	8851	9425	11096	10454	10375	10	10	10	9	9	9	8	8
9-Gre6ConSte-B6	B6	Con	Ste	Gre	4329	10	5274	6093	7008	7432	7818	10449	11289	11110	10	10	10	10	10	10	10	10
10-Can6BacSte-B6	B6	Bac	Ste	Can	4267	10	4366	4724	6369	6494	6789	9590	9777	9649	10	10	10	10	10	10	10	10
11-Ita6BacSte-B6	B6	Bac	Ste	Ita	4783	10	5038	4713	3521	4646	4977	5786	6296	6446	10	9	6	6	6	6	6	6
12-Gre6BacSte-B6	B6	Bac	Ste	Gre	6499	10	7833	9615	10583	11194	12273	15378	14792	14187	10	10	10	10	10	10	9	9
13-Ita6LevSer-B6	B6	Lev	Ser	Ita	5595	10	6828	8100	7915	9211	10544	11359	11022	10884	10	10	10	10	10	9	9	9
14-Gre6LevSer-B6	B6	Lev	Ser	Gre	6048	10	6113	7224	7155	8400	9089	10672	10409	10419	10	9	9	9	9	9	9	9
15-Can6LevSer-B6	B6	Lev	Ser	Can	4747	10	5165	5517	5872	6774	7492	8789	8687	8776	10	9	9	9	9	9	8	8
16-Can6BacNon-B6	B6	Bac	Non	Can	5000	10	5652	6886	7975	8344	9358	12361	12385	12250	10	10	10	10	10	10	10	10
17-Ita6BacNon-B6	B6	Bac	Non	Ita	5118	10	5997	7251	8409	9315	9926	13031	13026	13010	10	10	10	10	10	10	10	10
18-Gre6BacNon-B6	B6	Bac	Non	Gre	4729	10	5846	6997	7556	8805	9425	10575	10790	10996	10	10	10	10	10	10	9	9
19-Ita6LevSte-B6	B6	Lev	Ste	Ita	6393	10	8291	9414	9349	10139	11637	13650	13340	12030	10	10	10	10	10	10	10	9
20-Gre6LevSte-B6	B6	Lev	Ste	Gre	6253	10	6680	8118	9827	10672	11458	14782	15381	15310	10	10	10	10	10	10	10	10
21-Can6LevSte-B6	B6	Lev	Ste	Can	5615	10	6405	6535	6924	8259	9270	11022	11480	11264	10	9	9	9	9	9	9	9
22-Ita6ConSer-B6	B6	Con	Ser	Ita	5988	10	6500	6767	5244	5847	6555	7974	7751	7452	10	10	7	7	7	7	7	6
23-Gre6ConSer-B6	B6	Con	Ser	Gre	5071	10	5522	5649	6012	6129	5825	7058	6904	6802	10	10	10	10	9	8	8	8
24-Can6ConSer-B6	B6	Con	Ser	Can	4026	10	4318	4465	4788	5241	5772	7107	7523	7923	10	10	10	8	8	8	8	8
25-Gre6LevNon-B6	B6	Lev	Non	Gre	6073	10	6775	8199	9490	9794	10843	14783	14629	14395	10	10	10	10	10	10	10	10
26-Ita6LevNon-B6	B6	Lev	Non	Ita	5659	9	7124	8113	8513	10155	11296	13605	13551	13197	10	10	10	10	10	10	10	10
27-Can6LevNon-B6	B6	Lev	Non	Can	5154	10	6270	7521	7878	9048	10194	12474	12713	12761	10	10	10	10	10	10	10	10
1-Ita7BacNon-B7	B7	Bac	Non	Ita	4998	10	7321	8038	7870	8870	10545	12497	12161	11850	10	10	10	10	10	10	10	10
2-Can7BacNon-B7	B7	Bac	Non	Can	4783	10	6575	7910	8318	8561	9225	12412	12563	12520	10	10	10	10	10	10	10	10
3-Gre7BacNon-B7	B7	Bac	Non	Gre	5852	10	7217	8434	9229	10137	10685	12549	12915	12849	10	10	10	10	10	9	9	9
4-Gre7LevNon-B7	B7	Lev	Non	Gre	6811	10	8706	9324	10204	11970	12609	13904	13643	7939	10	10	10	10	10	10	10	6
5-Ita7LevNon-B7	B7	Lev	Non	Ita	6141	10	7426	7958	8174	9185	10415	12729	12648	11217	10	10	10	10	10	10	10	9
6-Can7LevNon-B7	B7	Lev	Non	Can	4656	10	6274	6638	7361	8799	9779	11819	11862	11820	10	10	10	10	10	10	10	10
7-Ita7BacSer-B7	B7	Bac	Ser	Ita	6163	10	6484	6470	6985	7860	8201	7929	8231	8416	10	10	10	10	10	9	9	9
8-Can7BacSer-B7	B7	Bac	Ser	Can	4706	10	5138	5390	5896	7171	7122	8089	8867	9180	10	10	10	10	9	8	8	8
9-Gre7BacSer-B7	B7	Bac	Ser	Gre	5177	10	6040	6141	7503	8155	8945	10583	11615	11592	10	10	10	10	10	10	10	9
10-Ita7LevSte-B7	B7	Lev	Ste	Ita	5161	10	6160	7122	7849	8587	9365	12092	12427	12362	10	10	10	10	10	10	10	10
11-Can7LevSte-B7	B7	Lev	Ste	Can	4407	10	5415	5845	6789	7913	8315	10483	10946	10813	10	10	10	10	10	10	10	10
12-Gre7LevSte-B7	B7	Lev	Ste	Gre	4832	10	5621	6184	7121	7803	8436	10237	10619	10657	10	10	10	10	10	10	10	9
13-Can7BacSte-B7	B7	Bac	Ste	Can	4471	10	4969	5795	6108	6960	7873	9029	9789	9674	9	9	9	9	9	9	9	9
14-Gre7BacSte-B7	B7	Bac	Ste	Gre	5881	10	6977	7963	8447	9731	10530	12808	12739	12848	10	10	10	10	10	10	9	9
15-Ita7BacSte-B7	B7	Bac	Ste	Ita	4724	10	5605	6582	6849	7715	8740	10744	10721	10878	10	10	10	10	10	10	10	10
16-Gre7ConNon-B7	B7	Con	Non	Gre	5201	10	6033	7421	8099	8906	9857	13298	13280	13218	10	10	10	10	10	10	10	10
17-Can7ConNon-B7	B7	Con	Non	Can	5028	10	6000	7116	8234	8307	8804	12299	12702	12453	10	10	10	10	10	10	10	10
18-Ita7ConNon-B7	B7	Con	Non	Ita	5329	10	5579	5872	8259	9566	9396	11512	12474	11475	10	10	10	10	10	10	10	9
19-Gre7ConSte-B7	B7	Con	Ste	Gre	4491	10	5864	6848	7254	7840	8958	12105	12433	11956	10	10	10	10	10	10	10	9
20-Ita7ConSte-B7	B7	Con	Ste	Ita	5982	10	7072	8000	8946	9995	10699	13257	13706	12246	10	10	10	10	10	10	10	9
21-Can7ConSte-B7	B7	Con	Ste	Can	4332	10	5278	5661	5615	7845	8529	9399	9318	9755	10	10	10	10	10	10	10	10
22-Ita7ConSer-B7	B7	Con	Ser	Ita	4981	10	6039	6887	6668	7984	8823	10235	10225	10262	10	10	10	10	10	10	10	10
23-Can7ConSer-B7	B7	Con	Ser	Can	4083	10	4678	5237	5706	5726	6276	8410	8365	7883	10	10	10	10	10	10	9	9
24-Gre7ConSer-B7	B7	Con	Ser	Gre	5058	10	5699	6414	7044	7835	7981	10438	10055	10064	10	10	10	10	10	10	10	10
25-Ita7LevSer-B7	B7	Lev	Ser	Ita	6491	10	7225	7563	6989	8254	8983	8162	8010	6805	10	9	9	8	8	7	7	6
26-Can7LevSer-B7	B7	Lev	Ser	Can	4803	10	4587	5201	5038	5038	5499	6494	6186	5798	9	9	9	8	8	8	8	7
27-Gre7LevSer-B7	B7	Lev	Ser	Gre	6188	10	6625	6932	7029	8178	8665	9589	9108	6750	10	10	10	10	10	10	10	9
1-Ita8BacSte-B8	B8	Bac	Ste	Ita	4751	10	5896	6713	7696	8675	9541	9828	10695	9845	10	10	10	10	10	9	9	8
2-Can8BacSte-B8	B8	Bac	Ste	Can	4373	10	5633	6122	6865	8069	8910	9933	10521	11251	10	10	10	10	10	10	10	10
3-Gre8BacSte-B8	B8	Bac	Ste	Gre	6191	10	7229	8183	8642	10026	11310	12902	12996	13158	10	10	10	10	10	10	10	10
4-Can8ConSer-B8	B8	Con	Ser	Can	4310	10	4904	5571	5157	6257	6706	7390	7295	7465	10	10	10	10	10	10	10	10
5-Ita8ConSer-B8	B8	Con	Ser	Ita	5402	10	5992	7305	7641	8828	9734	8654	8753	8757	10	10	10	10	10	8	8	8
6-Gre8ConSer-B8	B8	Con	Ser	Gre	5032	10	6237	7129	7125	8950	9772	11156	10905	11199	10	10	10	10	10	10	10	10
7-Can8ConNon-B8	B8	Con	Non	Can	4718	10	6042	7274	7884	8363	9465	12348	12877	12532	10	10	10	10	10	10	10	10
8-Ita8ConNon-B8	B8	Con	Non	Ita	5822	10	6656	8788	9676	10875	11582	14261	14399	14113	10	10	10	10	10	10	10	10
9-Gre8ConNon-B8	B8	Con	Non	Gre	4790	10	6696	7222	8235	9326	10275	12273	12520	12546	10	10	10	10	10	10	10	10
10-Gre8BacSer-B8	B8	Bac	Ser	Gre	6575	10	7348	7525	7381	8527	8730	9554	9339	7728	10	10	10	10	9	9	8	7
11-Ita8BacSer-B8	B8	Bac	Ser	Ita	4644	10	5362	5905	6099	7040	7976	9117	8946	9228	9	9	9	9	9	9	8	8
12-Can8BacSer-B8	B8	Bac	Ser	Can	4973	10	5683	6359	6372	6956	7936	8462	8725	8589	10	10	10	10	10	10	9	9
13-Gre8LevSte-B8	B8	Lev	Ste	Gre	6107	10	6769	7060	8526	8921	9390	10498	8919	8860	10	9	9	9	9	8	7	7
14-Ita8LevSte-B8	B8	Lev	Ste	Ita	5582	10	6731	7368	7492	8155	9202	10621	10742	9343	9	9	9	9	9	8	8	7
15-Can8LevSte-B8	B8	Lev	Ste	Can	5343	10	5989	7851	7904	8637	9429	12030	11755	11525	10	10	10	10	10	9	9	9
16-Can8BacNon-B8	B8	Bac	Non	Can	4138	10	5184	6415	7298	8338	9185	11537	11469	11695	10	10	10	10	10	10	10	10
17-Gre8BacNon-B8	B8	Bac	Non	Gre	4789	10	6087	6558	7007	8444	9384	10634	11574	12001	9	9	9	9	9	9	9	9
18-Ita8BacNon-B8	B8	Bac	Non	Ita	4854	10	5509	6290	7781	8504	9541	12576	13022	12892	10	10	10	10	10	10	10	10
19-Ita8LevSer-B8	B8	Lev	Ser	Ita	5161	10	6062	6053	6093	6724	7486	9647	9259	9065	10	9	9	9	9	9	8	8
20-Can8LevSer-B8	B8	Lev	Ser	Can	4463	10	5081	5204	5849	6334	6806	7987	8705	8571	10	9	9	9	9	9	9	9
21-Gre8LevSer-B8	B8	Lev	Ser	Gre	5004	10	5822	6052	6619	7574	8018	8827	9989	10043	10	10	10	10	10	9	9	9
22-Ita8ConSte-B8	B8	Con	Ste	Ita	6660	10	7363	8155	9142	10089	9502	11308	10468	8963	10	10	10	10	9	9	8	7
23-Can8ConSte-B8	B8	Con	Ste	Can	4711	10	5307	5781	6056	6449	6704	7653	7659	7563	10	10	10	9	9	9	9	9
24-Gre8ConSte-B8	B8	Con	Ste	Gre	5112	10	5509	6718	7086	7953	9236	10999	11156	10709	9	9	9	9	9	9	9	9
25-Gre8LevNon-B8	B8	Lev	Non	Gre	5562	10	6199	6636	8844	9671	10825	12780	10368	10035	10	10	10	10	10	10	8	8
26-Ita8LevNon-B8	B8	Lev	Non	Ita	5588	10	6800	7679	8276	10024	10963	12694	12587	11400	10	10	10	10	10	10	10	9
27-Can8LevNon-B8	B8	Lev	Non	Can	3988	10	5701	6714	7087	7913	9014	11982	11549	11356	10	10	10	10	10	10	10	10
1-Gre9ConSer-B9	B9	Con	Ser	Gre	4955	10	5526	5760	7346	8410	9161	10836	11351	11299	10	10	10	9	9	9	8	9
2-Ita9ConSer-B9	B9	Con	Ser	Ita	5029	10	6140	6624	7175	8838	9080	9988	9785	8730	10	10	10	10	10	9	9	8
3-Can9ConSer-B9	B9	Con	Ser	Can	3755	10	4048	4566	5667	6442	6318	7582	8710	8868	10	10	10	10	10	9	9	9
4-Gre9LevSer-B9	B9	Lev	Ser	Gre	6684	10	7718	8352	8202	9655	10339	11415	11095	11089	10	9	9	9	9	9	9	9
5-Can9LevSer-B9	B9	Lev	Ser	Can	3079	10	3998	4361	5365	6909	7077	7769	9189	9645	10	10	10	10	9	9	9	9
6-Ita9LevSer-B9	B9	Lev	Ser	Ita	6812	10	7602	8497	8402	10153	10895	12503	11940	10962	10	10	10	10	10	10	10	9
7-Ita9BacSte-B9	B9	Bac	Ste	Ita	4505	10	4941	5299	5405	6061	6934	9227	9646	9621	10	9	8	7	8	8	8	8
8-Gre9BacSte-B9	B9	Bac	Ste	Gre	5191	10	6394	7523	7967	10068	10675	12648	13340	11811	10	10	10	10	10	10	10	9
9-Can9BacSte-B9	B9	Bac	Ste	Can	4447	10	5761	6998	7198	8801	9937	11375	11883	12424	10	10	10	10	10	10	10	10
10-Ita9BacNon-B9	B9	Bac	Non	Ita	5245	10	5715	6739	7910	9123	9999	12094	11149	11361	10	10	10	10	10	10	9	9
11-Gre9BacNon-B9	B9	Bac	Non	Gre	4454	10	6028	6985	7817	9590	10256	12197	13341	12284	10	10	10	10	10	10	10	9
12-Can9BacNon-B9	B9	Bac	Non	Can	4479	10	5477	6967	7365	9221	10262	11731	11920	12250	10	10	10	10	10	10	10	10
13-Ita9ConSte-B9	B9	Con	Ste	Ita	5052	10	5660	6885	6624	7856	8694	10036	9941	8666	9	9	9	8	8	8	8	7
14-Gre9ConSte-B9	B9	Con	Ste	Gre	5210	10	6436	8313	8798	11094	11647	13197	13154	12726	10	10	10	10	10	10	9	9
15-Can9ConSte-B9	B9	Con	Ste	Can	4316	10	5284	6225	6098	7781	8124	9254	9967	8740	10	10	10	9	9	9	9	8
16-Can9LevNon-B9	B9	Lev	Non	Can	4868	10	5475	5820	7522	8628	8793	11919	12415	12234	10	10	10	10	10	10	10	10
17-Gre9LevNon-B9	B9	Lev	Non	Gre	6532	10	7513	8350	9530	10869	11550	14090	14806	14289	10	10	10	10	10	10	10	10
18-Ita9LevNon-B9	B9	Lev	Non	Ita	4776	10	6313	6868	6946	9899	10285	11456	11524	8719	10	10	10	10	10	10	10	8
19-Gre9BacSer-B9	B9	Bac	Ser	Gre	5086	10	5620	6244	7031	8211	8574	10180	11035	11187	10	10	10	10	10	10	9	9
20-Ita9BacSer-B9	B9	Bac	Ser	Ita	4437	10	4641	4756	5534	6614	6997	8967	10044	10099	10	9	9	9	9	9	9	9
21-Can9BacSer-B9	B9	Bac	Ser	Can	4258	10	5192	5569	5613	5986	6364	7619	6443	6445	10	10	9	9	9	9	8	8
22-Can9LevSte-B9	B9	Lev	Ste	Can	4435	10	5268	5959	6889	7349	8005	10828	11147	10589	10	10	10	10	10	10	10	9
23-Gre9LevSte-B9	B9	Lev	Ste	Gre	5641	10	6431	7665	8146	8469	9305	11087	10932	9249	9	9	9	8	8	8	8	7
24-Ita9LevSte-B9	B9	Lev	Ste	Ita	5106	10	6122	7319	8297	8855	9788	12042	12556	12226	10	10	10	10	10	10	10	9
25-Gre9ConNon-B9	B9	Con	Non	Gre	4693	10	5941	6612	7453	9037	9371	11968	12497	12508	10	10	10	10	10	10	10	10
26-Ita9ConNon-B9	B9	Con	Non	Ita	5687	10	6985	7803	8937	10688	11425	12943	13161	11790	10	10	10	10	10	10	10	9
27-Can9ConNon-B9	B9	Con	Non	Can	4004	10	4756	6176	6470	7815	8657	10620	10621	10389	10	10	10	10	10	10	10	10
1-Ita10LevNon-B10	B10	Lev	Non	Ita	5893	11	6431	7521	8367	9150	10000	12342	12577	12449	10	10	10	10	10	10	10	10
2-Can10LevNon-B10	B10	Lev	Non	Can	4178	10	5319	6071	6857	6972	8651	10324	10574	10597	10	10	10	10	10	10	10	10
3-Gre10LevNon-B10	B10	Lev	Non	Gre	5793	10	7041	8347	9653	10937	12740	13949	14289	12895	10	10	10	10	10	10	10	9
4-Can10LevSer-B10	B10	Lev	Ser	Can	3856	10	4258	4648	5110	5630	6242	6410	6902	7030	10	10	10	10	10	10	10	10
5-Gre10LevSer-B10	B10	Lev	Ser	Gre	5483	10	5999	6604	7103	7705	8562	9565	9600	9565	10	10	10	10	10	10	9	9
6-Ita10LevSer-B10	B10	Lev	Ser	Ita	5268	10	6835	7253	7239	7559	8973	9882	9654	9536	10	9	9	9	9	9	9	9
7-Can10ConSte-B10	B10	Con	Ste	Can	3950	10	4329	5142	5672	6783	7956	9132	9337	8920	10	10	10	10	10	10	10	9
8-Ita10ConSte-B10	B10	Con	Ste	Ita	5432	10	6447	7546	8305	9299	11111	12521	12734	12696	10	10	10	10	10	10	10	10
9-Gre10ConSte-B10	B10	Con	Ste	Gre	4065	10	5664	5847	6589	7845	8473	8577	9015	9294	10	10	10	10	10	9	9	9
10-Can10ConNon-B10	B10	Con	Non	Can	4009	10	4872	5787	7055	7971	8866	10761	10904	10909	10	10	10	10	10	10	10	10
11-Ita10ConNon-B10	B10	Con	Non	Ita	4921	10	5799	6685	7915	9948	10974	12247	12982	13437	10	10	10	10	10	10	10	10
12-Gre10ConNon-B10	B10	Con	Non	Gre	4135	10	5877	7481	7804	8790	10607	12369	12335	12442	10	10	10	10	10	10	10	10
13-Can10BacSte-B10	B10	Bac	Ste	Can	3963	10	5245	6113	6190	7286	8826	9196	9096	9216	10	10	10	10	10	10	10	10
14-Gre10BacSte-B10	B10	Bac	Ste	Gre	5183	10	5154	6343	8218	8675	10542	12382	12334	12412	10	10	10	10	10	10	10	10
15-Ita10BacSte-B10	B10	Bac	Ste	Ita	4134	10	3654	4326	5840	5866	6859	9260	9709	9691	9	9	9	9	9	9	9	9
16-Ita10BacNon-B10	B10	Bac	Non	Ita	4116	9	6099	7097	7971	8699	10186	11413	11798	11665	10	10	10	10	10	10	10	10
17-Can10BacNon-B10	B10	Bac	Non	Can	4243	11	5315	5904	6887	7908	9003	10425	10795	10824	10	10	10	10	10	10	10	10
18-Gre10BacNon-B10	B10	Bac	Non	Gre	4326	10	5440	6211	6082	7841	9148	9926	10321	10752	10	9	9	9	9	9	9	9
19-Ita10LevSte-B10	B10	Lev	Ste	Ita	4527	10	5599	6163	6644	8362	9614	10451	10622	9771	10	10	10	10	10	10	10	9
20-Can10LevSte-B10	B10	Lev	Ste	Can	4740	10	5524	6733	7277	7954	10152	11817	11844	11829	10	10	10	10	10	10	10	10
21-Gre10LevSte-B10	B10	Lev	Ste	Gre	5142	10	6059	6855	7998	8522	10557	11942	12174	10520	10	10	10	10	10	10	10	9
22-Ita10ConSer-B10	B10	Con	Ser	Ita	4888	10	5022	4629	6135	6922	7626	9018	9648	9836	10	9	9	9	9	8	8	8
23-Can10ConSer-B10	B10	Con	Ser	Can	3981	10	4568	5072	5639	6232	7328	8347	8721	8777	10	10	10	10	10	10	10	10
24-Gre10ConSer-B10	B10	Con	Ser	Gre	3890	10	4340	5050	5661	6783	7834	9031	9525	9487	10	10	10	10	10	10	10	10
25-Ita10BacSer-B10	B10	Bac	Ser	Ita	3703	10	4057	4094	4511	4915	5958	6492	6151	6322	10	9	9	9	9	9	8	8
26-Can10BacSer-B10	B10	Bac	Ser	Can	4580	10	4395	5088	4542	4817	5627	5841	5889	5865	9	9	8	8	8	8	8	8
27-Gre10BacSer-B10	B10	Bac	Ser	Gre	5357	10	6105	6704	6962	9358	9977	10253	11204	11600	10	10	10	10	10	10	10	10
