Souche	Rep	Bloc	Traitement 	Piq	6	7	8	9	10	11	12	13	14	15	16	17
Grèce	GrePBact	1	P	Bact	4384	8422	12030	13571	11012	NA	NA	NA	NA	NA	NA	NA
Canada	CanPBact	1	P	Bact	3879	6232	8412	8980	10124	10033	5131	1750	1718	NA	NA	NA
Italie	ItaPBact	1	P	Bact	3731	6765	9243	10840	10440	6991	3444	NA	NA	NA	NA	NA
Canada	CanCBact	1	C	Bact	3787	6824	9347	11288	12208	4131	2918	1483	1497	NA	NA	NA
Italie	ItaCBact	1	C	Bact	3642	7194	9837	10291	9885	2678	NA	NA	NA	NA	NA	NA
Grèce	GreCBact	1	C	Bact	4281	7565	9556	12283	10944	5361	2617	2757	1880	1401	1326	NA
Italie	ItaDSte	1	D	Ste	4055	7626	11543	11296	8024	4464	NA	NA	NA	NA	NA	NA
Canada	CanDSte	1	D	Ste	4088	7060	9207	8904	7722	7552	6350	3270	1962	2070	1887	1997
Grèce	GreDSte	1	D	Ste	3654	7457	9617	11310	7433	6223	1646	NA	NA	NA	NA	NA
Grèce	GreESte	1	E	Ste	3377	5178	7022	8459	10802	7950	5676	3120	1047	1000	1115	1172
Italie	ItaESte	1	E	Ste	3807	5214	7844	8742	8750	7009	4954	2272	977	1004	993	1143
Canada	CanESte	1	E	Ste	3906	5717	7441	8742	9822	9913	8747	3901	1375	1351	NA	NA
Italie	ItaPSte	1	P	Ste	4323	8002	10080	9261	5228	4514	4796	1949	1932	2071	NA	NA
Canada	CanPSte	1	P	Ste	4358	7423	10045	11775	10898	8968	4364	NA	NA	NA	NA	NA
Grèce	GrePSte	1	P	Ste	3692	7388	9689	11256	10861	9963	1835	NA	NA	NA	NA	NA
Canada	CanCSte	1	C	Ste	3244	6212	7830	9318	11342	7251	5958	1801	1735	1973	2013	1929
Italie	ItaCSte	1	C	Ste	4070	7841	10556	10153	9220	6781	NA	NA	NA	NA	NA	NA
Grèce	GreCSte	1	C	Ste	3362	6998	9704	11772	10449	7483	1383	NA	NA	NA	NA	NA
Grèce	GreEBact	1	E	Bact	4196	6146	7355	8373	8097	6612	6296	6277	3649	3714	3759	3961
Canada	CanEBact	1	E	Bact	4213	6193	6971	8285	11114	11018	7651	4776	930	869	NA	NA
Italie	ItaEBact	1	E	Bact	4031	6025	8128	9053	9800	5342	6207	6243	2214	981	1086	1098
Italie	ItaDBact	1	D	Bact	4889	9183	11108	8541	3885	2966	1837	1777	NA	NA	NA	NA
Grèce	GreDBact	1	D	Bact	3338	6821	9026	11779	12014	4881	1170	NA	NA	NA	NA	NA
Canada	CanDBact	1	D	Bact	4387	7956	9817	10056	10057	3129	NA	NA	NA	NA	NA	NA
Grèce	GreCBact	2	C	Bact	3029	6727	10025	10953	10855	8834	4426	1261	NA	NA	NA	NA
Canada	CanCBact	2	C	Bact	3306	5929	9053	10767	13304	5451	1410	NA	NA	NA	NA	NA
Italie	ItaCBact	2	C	Bact	3970	7296	12341	10421	6327	1384	NA	NA	NA	NA	NA	NA
Grèce	GreCSte	2	C	Ste	3917	7281	11428	13077	8866	5144?????	3513	2029	1899	NA	NA	NA
Italie	ItaCSte	2	C	Ste	3701	6484	11286	10825	9454	4741	1615	NA	NA	NA	NA	NA
Canada	CanCSte	2	C	Ste	3092	5723	9021	10556	9592	8354	2797	3161	1691	1742	NA	NA
Italie	ItaESte	2	E	Ste	3903	4941	7086	8597	10915	12800	7891	4108	4171	2851	3139	3121
Grèce	GreESte	2	E	Ste	3849	5976	8163	9091	10329	11705	7697	7540	1809	NA	NA	NA
Canada	CanESte	2	E	Ste	3491	5054	7508	8550	9593	8330	6586	6593	2680	1531	1545	1462
Italie	ItaPSte	2	P	Ste	4017	7562	11927	11571	4257	1708	1654	NA	NA	NA	NA	NA
Grèce	GrePSte	2	P	Ste	3788	6926	11633	12498	12231	3046	NA	NA	NA	NA	NA	NA
Canada	CanPSte	2	P	Ste	3514	6035	9914	9608	11941	6466	3247	NA	NA	NA	NA	NA
Grèce	GreEBact	2	E	Bact	3905	5488	8635	8868	9028	9745	3589	2294	844	863	923	931
Canada	CanEBact	2	E	Bact	4386	3306	8175	8919	10370	10574	6688	6242	3469	2128	1166	1164
Italie	ItaEBact	2	E	Bact	4556	6236	8788	9772	9056	9389	5996	564	513	559	543	500
Italie	ItaDBact	2	D	Bact	4336	7077	11462	8245	6259	1533	NA	NA	NA	NA	NA	NA
Canada	CanDBact	2	D	Bact	3043	5377	8926	10129	12747	8154	4324	1102	1163	NA	NA	NA
Grèce	GreDBact	2	D	Bact	3847	7453	12072	12937	11353	1583	NA	NA	NA	NA	NA	NA
Canada	CanPBact	2	P	Bact	3473	5727	9458	10132	11384	4472	1535	NA	NA	NA	NA	NA
Grèce	GrePBact	2	P	Bact	4023	6864	10604	9800	12040	5057	1555	NA	NA	NA	NA	NA
Italie	ItaPBact	2	P	Bact	4134	6542	10976	9529	9249	4765	1724	NA	NA	NA	NA	NA
Grèce	GreDSte	2	D	Ste	3800	7099	11677	9793	7912	3225	1526	NA	NA	NA	NA	NA
Canada	CanDSte	2	D	Ste	4221	6792	10977	12510	9917	6044	3212	1656	1623	1572	1650	1613
Italie	ItaDSte	2	D	Ste	3878	6421	11145	9636	7084	2772	NA	NA	NA	NA	NA	NA
Grèce	GreDBact	3	D	Bact	4174	7327	10960	9901	7995	5266	2102	NA	NA	NA	NA	NA
Canada	CanDBact	3	D	Bact	4630	7715	10349	7724	7590	3170	NA	NA	NA	NA	NA	NA
Italie	ItaDBact	3	D	Bact	4948	7681	10735	9325	5709	1489	NA	NA	NA	NA	NA	NA
Italie	ItaCBact	3	C	Bact	3904	7599	10557	8046	4410	1627	1810	1901	1876	NA	NA	NA
Canada	CanCBact	3	C	Bact	4036	6809	10200	9774	10382	8194	3992	NA	NA	NA	NA	NA
Grèce	GreCBact	3	C	Bact	4156	7745	10092	6956	7449	6024	1408	NA	NA	NA	NA	NA
Grèce	GrePBact	3	P	Bact	4503	7577	11305	9173	11097	3152	NA	NA	NA	NA	NA	NA
Italie	ItaPBact	3	P	Bact	3992	7240	11053	9097	7532	1812	1944	NA	NA	NA	NA	NA
Canada	CanPBact	3	P	Bact	3291	6001	8789	11715	12857	8991	2781	NA	NA	NA	NA	NA
Grèce	GreDSte	3	D	Ste	3818	7478	10457	9750	3916	2567	NA	NA	NA	NA	NA	NA
Canada	CanDSte	3	D	Ste	3319	5683	8958	11230	10863	6841	2612	1142	NA	NA	NA	NA
Italie	ItaDSte	3	D	Ste	3967	7016	11018	8816	3738	371	1233	1275	NA	NA	NA	NA
Italie	ItaESte	3	E	Ste	4660	6594	8461	8395	10045	8149	3085	3284	3509	1950	866	922
Canada	CanESte	3	E	Ste	3644	5370	6571	8097	11146	7980	5179	3648	3503	3649	4005	4106
Grèce	GreESte	3	E	Ste	4000	5965	7211	7681	9106	8795	7499	5284	5155	845	898	852
Grèce	GreCSte	3	C	Ste	4008	6987	10221	10709	9819	8701	3073	NA	NA	NA	NA	NA
Canada	CanCSte	3	C	Ste	3132	4661	7663	9253	11697	5468	1487	NA	NA	NA	NA	NA
Italie	ItaCSte	3	C	Ste	4362	8069	10773	8832	6889	2832	NA	NA	NA	NA	NA	NA
Italie	ItaEBact	3	E	Bact	4807	6915	9052	8796	7798	7862	3637	2896	2855	1676	1592	1702
Canada	CanEBact	3	E	Bact	3439	5095	6684	7661	9926	9958	435	9750	7010	4239	2231	2166
Grèce	GreEBact	3	E	Bact	4116	5929	7230	8298	11258	9510	7482	9100	4605	2070	2124	2229
Italie	ItaPSte	3	P	Ste	3593	6975	10482	9603	7336	1297	NA	NA	NA	NA	NA	NA
Grèce	GrePSte	3	P	Ste	3651	6266	9787	12225	12894	7276	2831	NA	NA	NA	NA	NA
Canada	CanPSte	3	P	Ste	4046	6950	9658	9909	9175	6875	3743	1146	NA	NA	NA	NA
Canada	CanPSte	4	P	Ste	3859	6276	9127	10700	11912	11490	10190	6413	4656	3026	1757	NA
Grèce	GrePSte	4	P	Ste	3557	6690	9378	10209	14006	9402	1191	1512	NA	NA	NA	NA
Italie	ItaPSte	4	P	Ste	4203	7420	10718	8852	10057	3106	NA	NA	NA	NA	NA	NA
Grèce	GrePBact	4	P	Bact	4134	7563	11390	10448	9672	4925	NA	NA	NA	NA	NA	NA
Canada	CanPBact	4	P	Bact	4130	6454	10006	11596	13523	2450	2660	1210	1415	1504	NA	NA
Italie	ItaPBact	4	P	Bact	4829	8505	11607	6055	3130	1758	1646	NA	NA	NA	NA	NA
Grèce	GreCBact	4	C	Bact	4206	7420	10269	9666	6974	3180	NA	NA	NA	NA	NA	NA
Italie	ItaCBact	4	C	Bact	4833	8154	11535	6881	6046	NA	NA	NA	NA	NA	NA	NA
Canada	CanCBact	4	C	Bact	4306	7046	9289	9045	10207	4132	NA	NA	NA	NA	NA	NA
Grèce	GreEBact	4	E	Bact	4694	6963	8831	10358	8393	8693	2761	1430	1702	1567	1770	1654
Canada	CanEBact	4	E	Bact	3652	5288	6986	7851	10295	11890	8606	6020	2040	2002	2033	972
Italie	ItaEBact	4	E	Bact	4394	6248	8528	9583	10346	9095	6508	5605	4230	1369	1503	1468
Italie	ItaDBact	4	D	Bact	4842	5500	8752	10356	10677	4255	1280	NA	NA	NA	NA	NA
Canada	CanDBact	4	D	Bact	3876	5897	8771	8915	10098	6003	2904	1208	NA	NA	NA	NA
Grèce	GreDBact	4	D	Bact	4171	7597	9654	10129	7778	3355	1530	NA	NA	NA	NA	NA
Canada	CanDSte	4	D	Ste	3556	5205	7809	8815	10404	5506	2573	NA	NA	NA	NA	NA
Italie	ItaDSte	4	D	Ste	4047	7252	9807	8848	7679	1615	NA	NA	NA	NA	NA	NA
Grèce	GreDSte	4	D	Ste	3568	7142	10064	13030	12348	6459	1563	1595	NA	NA	NA	NA
Grèce	GreCSte	4	C	Ste	3952	7087	7404	11887	12500	8932	6065	1412	1344	NA	NA	NA
Canada	CanCSte	4	C	Ste	3722	6411	8983	8883	12200	6744	2981	2953	1535	NA	NA	NA
Italie	ItaCSte	4	C	Ste	4180	7354	10988	9576	5854	1407	NA	NA	NA	NA	NA	NA
Canada	CanESte	4	E	Ste	3734	4826	6412	7440	9517	10920	7891	6395	2687	2620	1721	1756
Grèce	GreESte	4	E	Ste	4592	6687	8030	9011	9882	9684	6638	2263	NA	NA	NA	NA
Italie	ItaESte	4	E	Ste	4231	6554	7973	9226	6914	3933	3934	2876	2678	NA	NA	NA
Grèce	GreCSte	5	C	Ste	3544	7010	9063	11075	11049	4888	2000	NA	NA	NA	NA	NA
Canada	CanCSte	5	C	Ste	3134	5617	7755	10196	12389	7602	4079	866	1093	1224	1218	1379
Italie	ItaCSte	5	C	Ste	3825	7162	10602	10034	9127	2907	NA	NA	NA	NA	NA	NA
Italie	ItaEBact	5	E	Bact	3210	4508	6236	7668	8860	8891	6201	5343	5552	3337	2173	2169
Canada	CanEBact	5	E	Bact	3782	4796	6677	7643	10315	9736	9161	7987	4227	4353	4203	3166
Grèce	GreEBact	5	E	Bact	4295	6324	7725	9361	11835	9090	8263	5713	2597	1107	NA	NA
Canada	CanDSte	5	D	Ste	NA	4412	7379	9280	12708	9761	6946	3915	1349	1263	NA	NA
Italie	ItaDSte	5	D	Ste	NA	4683	8545	10585	11829	2715	1301	NA	NA	NA	NA	NA
Grèce	GreDSte	5	D	Ste	3917	7011	9869	10801	14097	6000	1464	NA	NA	NA	NA	NA
Canada	CanPBact	5	P	Bact	2937	5059	7755	10011	13737	13479	11160	8501	5462	2285	2131	2284
Italie	ItaPBact	5	P	Bact	4228	7095	9759	8812	8822	7469	NA	NA	NA	NA	NA	NA
Grèce	GrePBact	5	P	Bact	3772	7073	10267	11355	10636	3335	NA	NA	NA	NA	NA	NA
Italie	ItaPSte	5	P	Ste	4183	7085	11170	8460	10643	3193	NA	NA	NA	NA	NA	NA
Canada	CanPSte	5	P	Ste	4056	6065	9017	8000	10509	7806	4003	4221	1415	1625	1541	1592
Grèce	GrePSte	5	P	Ste	3487	6486	9163	11186	12652	2690	NA	NA	NA	NA	NA	NA
Italie	ItaESte	5	E	Ste	3531	4921	7358	9072	10680	5856	5613	6495	4135	1342	1390	1429
Grèce	GreESte	5	E	Ste	3340	5017	6871	8308	10841	9266	8022	5373	5483	3362	1785	1858
Canada	CanESte	5	E	Ste	3147	4335	6173	7329	9472	10130	8703	9560	5560	2167	1115	1092
Italie	ItaDBact	5	D	Bact	2986	4957	7481	10105	8690	NA	NA	NA	NA	NA	NA	NA
Canada	CanDBact	5	D	Bact	3828	5627	8029	11045	13520	6030	4663	2817	NA	NA	NA	NA
Grèce	GreDBact	5	D	Bact	3414	6978	9707	7707	9121	2992	NA	NA	NA	NA	NA	NA
Italie	ItaCBact	5	C	Bact	4278	7881	10747	10678	4188	1624	NA	NA	NA	NA	NA	NA
Grèce	GreCBact	5	C	Bact	3173	5576	8281	9101	10407	7279	1627	1707	1860	1805	NA	NA
Canada	CanCBact	5	C	Bact	3150	5505	7759	6510	10379	9829	1417	NA	NA	NA	NA	NA
Italie	ItaEBact	6	E	Bact	3323	5069	6419	8300	8962	9285	4275	3064	2924	1556	1453	NA
Grèce	GreEBact	6	E	Bact	2561	4056	5627	7091	9839	10144	9395	5691	4510	4717	3424	2041
Canada	CanEBact	6	E	Bact	3556	4981	6491	8062	8591	7834	7580	5661	5520	5744	5956	4612
Canada	CanPSte	6	P	Ste	3209	6215	8281	11245	12339	10256	3027	NA	NA	NA	NA	NA
Italie	ItaPSte	6	P	Ste	3338	6313	9178	11608	12063	4366	1749	NA	NA	NA	NA	NA
Grèce	GrePSte	6	P	Ste	3759	7700	9596	12920	12164	7941	1795	NA	NA	NA	NA	NA
Italie	ItaCSte	6	C	Ste	3831	6759	9170	8504	6369	3703	1072	1111	1339	1442	1342	NA
Canada	CanCSte	6	C	Ste	3033	5413	7530	9750	9587	8010	4120	4672	3125	NA	NA	NA
Grèce	GreCSte	6	C	Ste	3448	6572	8058	9835	11318	9863	3693	1289	NA	NA	NA	NA
Grèce	GrePBact	6	P	Bact	2723	5646	8263	10411	12630	8940	1690	NA	NA	NA	NA	NA
Italie	ItaPBact	6	P	Bact	4225	7377	10254	12896	7461	1598	NA	NA	NA	NA	NA	NA
Canada	CanPBact	6	P	Bact	3550	6169	8817	9279	11906	7868	4265	3050	3196	1571	NA	NA
Italie	ItaDSte	6	D	Ste	3409	7020	9302	10220	10314	5364	1435	1461	NA	NA	NA	NA
Grèce	GreDSte	6	D	Ste	3378	6870	9580	12315	8237	4739	2948	NA	NA	NA	NA	NA
Canada	CanDSte	6	D	Ste	3883	6818	8740	11067	13227	5388	4061	1466	NA	NA	NA	NA
Canada	CanDBact	6	D	Bact	3873	6911	9715	10447	12898	6288	NA	NA	NA	NA	NA	NA
Grèce	GreDBact	6	D	Bact	3355	6390	9242	9645	9893	6138	NA	NA	NA	NA	NA	NA
Italie	ItaDBact	6	D	Bact	4699	8626	11138	9494	6360	NA	NA	NA	NA	NA	NA	NA
Grèce	GreCBact	6	C	Bact	3768	6575	8715	10285	12224	8903	1472	1410	NA	NA	NA	NA
Italie	ItaCBact	6	C	Bact	3668	6645	9329	10628	11124	3321	NA	NA	NA	NA	NA	NA
Canada	CanCBact	6	C	Bact	3322	6038	8306	10464	12350	8414	3018	1847	1896	NA	NA	NA
Italie	ItaESte	6	E	Ste	4544	6336	8064	9431	9132	7461	2145	952	956	1097	1131	1058
Grèce	GreESte	6	E	Ste	3837	5818	7286	8025	11355	12349	5161	3545	2469	2483	1150	1158
Canada	CanESte	6	E	Ste	2551	3994	5581	6847	8826	10420	11481	10049	6712	5260	3221	2238
Italie	ItaPSte	7	P	Ste	4019	6189	11371	10612	8596	1645	1601	NA	NA	1556	NA	NA
Grèce	GrePSte	7	P	Ste	3072	5244	9631	10937	10100	7052	7416	2983	1625	NA	NA	NA
Canada	CanPSte	7	P	Ste	2978	5081	8229	9779	10843	10790	6847	4119	1361	1314	1469	1339
Grèce	GreDSte	7	D	Ste	2919	6130	10734	11388	9180	8444	3980	1913	1860	NA	NA	NA
Italie	ItaDSte	7	D	Ste	4182	7434	12629	8986	1381	1509	1576	NA	NA	NA	NA	NA
Canada	CanDSte	7	D	Ste	2786	5041	8612	9268	11519	9153	4581	NA	NA	NA	NA	NA
Grèce	GreCBact	7	C	Bact	3454	5971	3541	9517	10018	4144	1381	1348	1442	1384	1446	1338
Canada	CanCBact	7	C	Bact	3463	6398	9724	9421	10869	8884	7793	5034	3301	3226	3398	NA
Italie	ItaCBact	7	C	Bact	3408	5793	10619	12314	7097	1607	NA	NA	NA	NA	NA	NA
Grèce	GreCSte	7	C	Ste	3042	5884	10076	11781	10299	7832	4295	3113	1468	NA	NA	NA
Italie	ItaCSte	7	C	Ste	4124	7104	12517	13120	8716	3306	3652	3691	1861	2061	1941	NA
Canada	CanCSte	7	C	Ste	3287	5666	9192	9318	12107	7195	7628	4248	NA	NA	NA	NA
Canada	CanEBact	7	E	Bact	2890	3961	6226	7280	9736	10042	9213	6633	5632	5756	4382	2026
Grèce	GreEBact	7	E	Bact	3306	4386	6466	7742	9651	11901	11550	11170	9912	4038	2747	1493
Italie	ItaEBact	7	E	Bact	4082	5782	7790	9820	10345	7020	4783	2401	2315	NA	NA	NA
Canada	CanDBact	7	D	Bact	3266	5241	9116	10261	12238	9255	7725	3011	1606	1504	1682	1603
Italie	ItaDBact	7	D	Bact	3917	6500	11033	11315	6378	1843	NA	NA	NA	NA	NA	NA
Grèce	GreDBact	7	D	Bact	3691	6678	12166	13384	11492	1526	NA	NA	NA	NA	NA	NA
Grèce	GrePBact	7	P	Bact	3060	5270	10026	10269	12911	9441	2617	NA	NA	NA	NA	NA
Canada	CanPBact	7	P	Bact	2948	4655	7927	10021	11327	7716	5127	2817	1525	NA	NA	NA
Italie	ItaPBact	7	P	Bact	3149	5363	9778	12111	13109	6678	1593	NA	NA	NA	NA	NA
Canada	CanESte	7	E	Ste	3352	4075	6270	7167	7596	9606	7701	5274	2937	1924	1958	2037
Italie	ItaESte	7	E	Ste	3790	5001	7854	8489	10434	8924	6836	5879	3055	1977	2146	2038
Grèce	GreESte	7	E	Ste	3173	4637	6552	8126	10610	11121	6148	5465	4122	NA	NA	NA
Grèce	GreEBact	8	E	Bact	3470	5346	7043	8775	10725	12442	9209	5164	1110	NA	NA	NA
Italie	ItaEBact	8	E	Bact	4054	5657	7827	9661	10270	9020	3614	2430	2441	NA	NA	NA
Canada	CanEBact	8	E	Bact	3120	4485	6291	7811	9499	10562	9418	10145	5830	3580	2309	2361
Italie	ItaPBact	8	P	Bact	3975	6446	9879	10150	5961	2928	NA	NA	NA	NA	NA	NA
Canada	CanPBact	8	P	Bact	3320	5354	7956	10286	13292	10058	4198	1294	NA	NA	NA	NA
Grèce	GrePBact	8	P	Bact	3153	5999	8899	10417	14423	5887	4445	NA	NA	NA	NA	NA
Italie	ItaDBact	8	D	Bact	4068	6507	10323	11640	9397	4577	1630	1781	1678	1745	NA	NA
Grèce	GreDBact	8	D	Bact	2884	5912	8803	11819	9870	2905	NA	NA	NA	NA	NA	NA
Canada	CanDBact	8	D	Bact	3302	5419	5270	10645	9767	5976	1938	2431	1292	1138	1237	1219
Italie	ItaDSte	8	D	Ste	3078	5030	7759	8895	8974	2964	3597	2270	888	1145	1086	1301
Canada	CanDSte	8	D	Ste	3291	5842	9362	9770	12841	7071	5732	1500	NA	NA	NA	NA
Grèce	GreDSte	8	D	Ste	3454	6782	7898	11504	8356	3110	2898	NA	NA	NA	NA	NA
Grèce	GrePSte	8	P	Ste	2934	5408	8515	12191	12612	11074	NA	NA	NA	NA	NA	NA
Italie	ItaPSte	8	P	Ste	3128	5178	8483	7806	7783	5280	4211	2407	1469	1445	NA	NA
Canada	CanPSte	8	P	Ste	2850	5041	7495	9739	12491	10427	5037	5463	4037	1256	NA	NA
Grèce	GreESte	8	E	Ste	3826	4721	5089	7789	9366	9131	8685	3630	3604	3758	4101	3961
Italie	ItaESte	8	E	Ste	3500	4340	6320	6547	7994	10300	9624	6405	3725	1023	1084	1097
Canada	CanESte	8	E	Ste	2406	3194	4466	5731	6528	8845	8008	7573	6171	3812	3851	3831
Grèce	GreCSte	8	C	Ste	3350	5379	9000	9481	11627	13423	5545	2870	2707	1385	1503	1402
Canada	CanCSte	8	C	Ste	2757	4475	7173	10160	12401	7635	3986	NA	NA	NA	NA	NA
Italie	ItaCSte	8	C	Ste	3609	5991	9521	12439	10889	3957	3220	3327	1740	1840	NA	NA
Canada	CanCBact	8	C	Bact	3651	5514	8520	8383	8782	8657	8554	4023	NA	NA	NA	NA
Italie	ItaCBact	8	C	Bact	2823	5163	7825	10396	13682	6449	2886	1561	NA	NA	NA	NA
Grèce	GreCBact	8	C	Bact	3018	5156	8501	11203	13120	6447	3547	3720	1820	NA	NA	NA
Grèce	GreDBact	9	D	Bact	2656	5003	9813	11386	11239	6270	NA	NA	NA	NA	NA	NA
Canada	CanDBact	9	D	Bact	2589	4852	8044	8954	12561	7928	5455	1120	1048	1295	1292	1232
Italie	ItaDBact	9	D	Bact	3858	6684	10910	6507	8881	3208	NA	NA	NA	NA	NA	NA
Grèce	GreESte	9	E	Ste	3160	4758	6890	7621	9932	8039	8039	6552	2451	2678	2734	2721
Canada	CanESte	9	E	Ste	2431	3054	4544	5585	7396	9347	7950	6455	5411	2786	3005	3045
Italie	ItaESte	9	E	Ste	3425	4180	5893	6599	6745	8519	6120	5413	5041	1592	1548	472
Italie	ItaCSte	9	C	Ste	3647	6755	10187	10373	8991	6309	2940	3024	3116	3351	3244	3300
Canada	CanCSte	9	C	Ste	2636	4798	7776	9458	12510	11957	7940	5184	NA	NA	NA	NA
Grèce	GreCSte	9	C	Ste	2547	5263	7861	10856	12415	11408	4317	2606	NA	NA	NA	NA
Canada	CanPBact	9	P	Bact	2863	5041	8380	9495	13358	9612	5605	NA	NA	NA	NA	NA
Italie	ItaPBact	9	P	Bact	3210	5471	8130	9769	7476	2466	NA	NA	NA	NA	NA	NA
Grèce	GrePBact	9	P	Bact	2237	4803	6810	9326	10315	6375	3946	1166	NA	NA	NA	NA
Italie	ItaPSte	9	P	Ste	2780	4700	7620	10665	12959	6979	4462	3605	3330	2053	2043	1956
Canada	CanPSte	9	P	Ste	2320	4440	6545	8374	11872	7307	5110	1508	NA	NA	NA	NA
Grèce	GrePSte	9	P	Ste	2825	4911	7666	10096	12722	8139	3555	1752	1835	1715	1646	1610
Italie	ItaDSte	9	D	Ste	3051	4525	6848	9186	10324	5133	NA	NA	NA	NA	NA	NA
Canada	CanDSte	9	D	Ste	2040	3766	5697	7791	11161	10964	6004	4627	3194	1055	1162	1139
Grèce	GreDSte	9	D	Ste	2036	4000	6951	9768	14164	10467	6559	1963	NA	NA	NA	NA
Canada	CanCBact	9	C	Bact	2188	3746	5566	7548	10267	9792	4658	3680	3736	1089	NA	NA
Italie	ItaCBact	9	C	Bact	3396	6207	8905	11167	10155	5588	1685	1643	NA	NA	NA	NA
Grèce	GreCBact	9	C	Bact	2292	3700	6122	7769	10204	11524	2959	1486	NA	NA	NA	NA
Canada	CanEBact	9	E	Bact	1896	2402	3456	4299	5748	6878	7737	8220	5872	4860	4986	3948
Italie	ItaEBact	9	E	Bact	2950	3745	5646	6310	8766	9834	10562	7243	6395	5252	5526	4412
Grèce	GreEBact	9	E	Bact	2188	3254	4774	6063	7851	9854	10181	10593	7233	6204	6251	3642
Grèce	GreCBact	10	C	Bact	3012	4988	7343	8633	10030	8096	6795	2794	2880	1203	1175	1134
Italie	ItaCBact	10	C	Bact	3264	5116	8464	10351	10757	2287	2336	2472	852	1076	997	1079
Canada	CanCBact	10	C	Bact	3340	4865	7233	8929	9247	7803	5480	3000	NA	NA	NA	NA
Italie	ItaCSte	10	C	Ste	2919	5901	9002	12091	6723	4667	3235	1583	NA	NA	NA	NA
Canada	CanCSte	10	C	Ste	3013	4891	7082	9336	10117	8135	5859	4145	2936	2980	1611	1726
Grèce	GreCSte	10	C	Ste	3148	5733	9249	12385	12773	5274	NA	NA	NA	NA	NA	NA
Italie	ItaESte	10	E	Ste	3255	4006	5984	8349	10284	7122	4631	3984	4044	1052	1163	1282
Grèce	GreESte	10	E	Ste	2022	2952	4625	5421	8644	11214	11402	10607	6314	3571	3729	2143
Canada	CanESte	10	E	Ste	2968	3669	5318	6788	8517	11005	9252	5936	2256	2297	2219	746
Italie	ItaEBact	10	E	Bact	2907	4073	5906	7709	9900	10097	8878	5553	4446	3592	2488	1034
Canada	CanEBact	10	E	Bact	2661	3867	5810	6973	9536	11395	10243	4932	7192	5862	1997	1072
Grèce	GreEBact	10	E	Bact	2933	4093	5973	6943	10030	12384	7547	8407	5226	999	941	973
Canada	CanPBact	10	P	Bact	2859	4533	6237	8482	11020	5776	1940	2050	931	1079	1145	1128
Grèce	GrePBact	10	P	Bact	3668	6669	9105	12669	11795	5797	1293	NA	NA	NA	NA	NA
Italie	ItaPBact	10	P	Bact	4207	6746	10318	10262	6133	2986	1336	1324	1395	1405	1398	1368
Grèce	GreDSte	10	D	Ste	3043	5923	8298	11366	10866	8540	1300	NA	NA	NA	NA	NA
Canada	CanDSte	10	D	Ste	2797	4275	6745	9390	11131	9310	1489	1411	NA	NA	NA	NA
Italie	ItaDSte	10	D	Ste	3777	6797	9599	12871	7222	6467	NA	NA	NA	NA	NA	NA
Grèce	GrePSte	10	P	Ste	2579	4618	7568	9709	11924	5466	3889	1373	1272	NA	NA	NA
Italie	ItaPSte	10	P	Ste	2485	4241	7098	7761	7787	5405	4608	NA	NA	NA	NA	NA
Canada	CanPSte	10	P	Ste	2326	4289	6746	9234	12321	7502	4771	3621	1178	NA	NA	NA
Grèce	GreDBact	10	D	Bact	3024	5033	7882	10465	11413	2541	1277	1297	NA	NA	NA	NA
Italie	ItaDBact	10	D	Bact	3074	5729	9322	12162	9788	1315	1198	NA	NA	NA	NA	NA
Canada	CanDBact	10	D	Bact	2415	4403	6011	8531	10285	9752	7282	3099	1813	NA	NA	NA
