NomTrt	M2M1	M3M2	M4M3	M5M4	M6M5	M7M6	M8M7	M9M8	M10M9	M11M10	M12M11	M13M12	M14M13
Inv2B1	21	28	40	-8	5	31	33	-9	49	22	65	19	-4
EspC1	57	29	14	7	19	22	35	-1	55	25	29	-3	42
Inv1C1	38	14	17	13	8	23	94	16	-15	43	27	5	1
Ita1C	10	31	-23	29	19	18	-1	10	49	74	31	20	15
WorB1	21	20	58	7	13	0	22	50	-21	29	25	0	97
TurB1	15	15	34	11	-9	7	45	20	84	-3	10	109	9
EspB1	61	59	12	-7	31	20	17	20	32	47	-2	69	35
FraC1	27	21	44	-3	12	1	30	-2	72	21	7	86	-25
TurC1	58	17	26	30	20	-7	22	16	51	53	57	34	-16
WorC1	30	16	30	-1	20	10	10	52	13	-23	55	21	-4
GreC1	51	-16	53	3	10	17	50	7	54	49	21	15	19
Inv2C1	39	23	30	14	14	31	4	15	22	58	47	42	16
Inv1B1	31	38	19	13	-7	11	26	19	69	50	41	12	25
FraB1	31	16	29	-5	19	0	12	29	14	26	37	38	12
AllB1	54	22	41	3	24	21	2	19	-4	61	12	55	15
GreB1	14	30	17	14	4	9	34	21	93	9	28	24	13
Ita1B1	17	15	42	-5	8	7	28	42	-43	76	23	62	10
Ita2B1	23	14	6	18	1	57	-57	29	98	58	59	-1	-3
Ita2C1	85	28	31	49	25	-15	53	-5	125	84	51	37	9
AllC1	81	23	60	7	-18	72	6	12	55	31	39	39	6
TurC2	79	30	14	37	8	11	4	42	66	25	59	36	64
Inv2B2	-9	24	10	24	12	29	31	30	42	11	68	16	10
Ita2B2	40	52	12	29	13	25	-3	18	49	-38	118	47	20
AllB2	125	28	15	22	43	11	0	4	4	37	27	34	41
AllC2	111	24	11	43	5	9	36	-2	47	62	28	46	13
TurB2	32	30	29	34	13	5	42	-21	65	-6	82	88	8
GreB2	41	14	18	38	1	-8	28	41	62	16	36	24	30
Ita1C2	71	-1	16	27	16	-12	18	42	52	11	27	42	25
FraB2	24	36	-7	28	-4	23	-5	19	18	-3	67	58	38
EspB2	26	-2	22	6	5	-13	41	24	28	24	11	15	1
FraC2	89	18	11	21	-4	18	31	12	91	24	46	-2	30
Inv2C2	46	27	15	14	11	-10	77	58	67	51	-14	23	33
Inv1C2	33	19	15	7	13	20	28	19	27	43	32	49	-14
GreC2	36	46	22	14	-6	-291	317	38	78	52	51	15	-9
EspC2	13	39	13	28	-8	9	30	2	74	54	67	-10	47
WorC2	9	43	4	26	5	21	4	14	5	26	81	-33	10
WorB2	16	-2	2	10	2	42	-1	48	-10	160	-111	-22	21
Ita2C2	47	23	39	57	-10	13	5	36	55	24	48	57	5
Ita1B2	30	26	8	21	1	20	16	22	38	41	78	50	-20
Inv1B2	40	26	14	34	8	30	20	10	54	29	48	110	-17
Inv2B3	105	-73	11	28	12	9	26	0	60	69	14	20	-23
EspB3	69	-20	2	15	8	-1	25	65	88	15	-29	10	-8
Inv1C3	171	-105	38	-9	13	-6	73	48	42	28	24	-14	22
AllB3	-95	176	25	20	7	35	32	3	-7	21	20	43	-18
Inv1B3	50	19	22	-10	25	-8	23	-5	10	58	26	3	28
GreC3	61	47	48	-1	-6	0	99	46	76	47	33	14	10
Ita1C3	45	54	31	7	9	16	-11	66	69	0	34	36	-19
WorC3	3	72	-17	52	11	6	31	42	38	24	28	12	63
EspC3	216	-156	10	29	23	-16	43	46	37	41	17	6	17
AllC3	-33	129	36	19	9	-9	21	-1	51	42	57	17	16
WorB3	14	13	48	21	23	9	4	41	12	50	58	64	31
Inv2C3	29	21	14	30	3	11	11	60	17	-23	41	15	15
FraB3	35	8	49	-7	-6	24	15	106	-26	-9	46	22	-4
Ita2B3	33	3	42	8	21	10	-11	-2	83	23	54	71	20
Ita1B3	15	27	11	-4	8	21	9	55	-20	24	13	49	-15
GreB3	26	29	24	9	12	37	24	52	22	26	70	16	36
TurC3	53	46	10	9	32	28	-12	49	71	39	52	-17	13
TurB3	16	-30	69	7	36	3	-5	20	153	-98	60	47	1
FraC3	29	27	19	28	13	20	7	21	25	24	36	15	55
Ita2C3	70	-11	59	1	MV	MV	27	69	45	45	5	40	13
Inv1B4	42	13	48	13	-3	32	40	18	31	77	23	35	46
TurC4	67	-8	48	13	14	76	-7	3	42	-22	76	62	-333
Inv2B4	37	14	35	-6	-9	16	57	23	45	16	24	-10	40
Ita1B4	31	20	36	5	-2	37	48	56	1	11	75	43	45
GreB4	29	10	10	2	17	34	17	28	41	6	37	-6	74
Ita2C4	44	6	58	-9	10	-10	51	18	71	33	38	31	48
EspB4	23	12	47	27	5	12	53	7	43	2	92	42	20
Ita1C4	151	-11	23	14	23	2	6	37	40	65	24	32	38
Ita2B4	52	20	50	-7	11	-4	47	9	70	8	1	20	52
FraB4	1	-10	35	2	16	-6	14	30	33	32	51	12	-21
FraC4	47	10	20	39	13	23	4	30	53	2	33	54	26
Inv1C4	69	31	5	15	2	0	53	36	77	38	44	-9	-43
EspC4	56	-18	47	17	23	3	84	15	62	-2	21	60	48
GreC4	75	37	33	24	-11	9	11	41	76	67	56	20	-296
AllB4	121	37	42	-6	-3	34	13	-11	33	0	36	23	45
WorB4	22	10	20	3	9	35	4	38	40	66	-49	-1	35
Inv2C4	50	137	-77	18	3	5	25	36	29	34	93	21	-10
TurB4	75	-8	42	0	7	-1	32	42	71	19	5	69	46
AllC4	121	-44	29	25	-6	14	-2	1	17	47	87	-69	119
WorC4	53	16	MV	MV	10	38	3	19	41	3	55	32	52
Ita1B5	65	23	37	22	12	13	-8	39	56	66	62	10	44
Inv1B5	24	-4	43	12	5	11	15	51	35	29	27	14	45
EspB5	25	15	14	23	-4	10	43	26	34	2	8	66	0
GreC5	MV	25	18	-3	10	44	45	77	38	-279	308	-21	52
AllB5	147	-73	42	9	4	26	4	25	14	43	9	28	20
Inv1C5	97	-43	14	16	-50	26	105	-23	42	MV	MV	140	-47
WorC5	41	51	18	17	-5	9	28	33	58	23	22	25	33
Ita2C5	68	18	12	48	-9	4	9	72	79	-1	57	-1	40
EspC5	43	18	27	-71	114	15	27	39	48	18	48	61	58
TurB5	45	28	27	1	10	33	43	24	64	45	12	69	-7
TurC5	52	27	34	8	-8	20	49	74	-7	20	79	11	18
Ita1C5	52	53	19	39	-8	14	15	58	36	32	4	47	39
Inv2C5	48	23	26	3	2	22	56	51	65	11	18	24	24
FraB5	52	17	19	9	-4	24	29	47	53	6	17	35	-6
GreB5	30	17	31	-5	-16	29	59	67	30	31	170	-133	1
Inv2B5	35	22	7	11	8	-6	23	35	47	19	29	26	2
WorB5	26	12	12	23	15	25	22	52	-445	489	4	83	30
FraC5	53	12	20	49	-3	28	17	48	31	41	48	48	46
Ita2B5	53	32	-21	47	27	-11	29	23	67	17	31	22	24
AllC5	45	9	28	59	-18	5	34	29	40	24	4	47	-6
Inv1B6	6	33	29	-8	-4	12	15	71	10	28	174	5	-1
GreB6	20	19	23	0	23	14	40	-7	41	27	43	13	83
Inv2B6	75	20	22	5	-8	61	18	-8	85	39	88	4	14
Ita2C6	33	34	20	6	16	32	38	3	25	23	87	14	21
AllC6	84	59	34	3	35	7	23	29	17	26	33	44	-12
EspB6	28	18	16	12	15	22	45	38	9	17	6	72	-27
Ita2B6	29	13	21	5	7	40	55	-403	438	8	15	18	16
EspC6	MV	-23	22	-95	118	38	21	44	62	14	40	45	38
FraB6	51	5	22	4	29	-16	20	65	6	50	4	14	-8
WorC6	58	15	50	-5	7	23	38	28	34	26	77	17	18
Inv2C6	46	50	14	5	-16	71	50	151	-61	12	35	-2	6
TurC6	71	45	35	-15	55	-26	107	12	40	1	29	37	39
Ita1C6	33	28	21	10	6	23	64	21	40	18	33	20	22
WorB6	36	27	21	21	-5	16	7	13	30	-12	-7	38	160
FraC6	45	9	27	25	-2	23	56	39	4	21	20	57	35
Inv1C6	57	39	14	13	-5	21	53	57	42	44	28	44	19
Ita1B6	52	24	28	-8	3	25	36	22	29	5	44	35	8
AllB6	51	11	27	16	-19	25	52	3	44	-4	21	89	-38
GreC6	37	17	16	-2	1	25	67	15	50	-4	26	2	9
TurB6	32	7	18	-3	15	12	25	50	-8	1	29	28	45
TurC7	49	15	36	1	-1	26	39	7	81	8	43	10	2
Inv1C7	48	20	-1	12	14	47	46	39	42	9	44	7	2
EspC7	21	28	28	25	13	23	49	-4	69	16	41	53	5
Ita1C7	62	10	37	2	4	22	39	-13	52	3	-38	98	32
Ita2C7	36	6	23	21	20	12	38	23	29	82	18	57	40
WorC7	41	13	27	13	17	9	24	6	50	2	68	0	39
Inv2B7	19	14	40	-3	12	15	44	20	35	0	50	-28	15
Ita2B7	38	24	38	76	-46	-8	1	51	27	4	97	25	12
FraB7	53	16	8	17	36	36	28	25	-10	16	3	35	30
GreC7	41	29	0	2	37	64	1	-11	-11	113	55	32	27
TurB7	59	24	31	25	21	-32	40	29	68	41	-95	89	2
Inv1B7	16	-6	13	27	29	41	-1	-33	97	-12	-7	11	149
GreB	27	30	44	12	22	-28	84	-2	45	39	66	58	39
EspB7	15	28	10	34	0	46	20	-21	24	8	51	6	24
AllC7	96	-19	29	29	-6	9	42	33	39	14	30	25	6
Ita1B7	36	32	13	20	5	19	-8	63	111	42	82	-32	46
AllB	45	-11	23	43	-27	42	-6	14	50	5	63	-21	5
Inv2C7	37	20	26	2	22	4	66	53	12	1	75	-1	43
FraC7	53	21	40	-10	42	83	6	28	61	7	49	34	16
WorB7	29	8	26	3	55	8	63	35	26	-11	31	28	-31
Inv1B8	40	25	19	27	12	3	11	9	82	46	12	26	6
AllB8	-27	6	6	17	19	16	10	13	-47	71	100	17	19
AllC8	69	29	20	29	-12	32	32	13	108	-61	115	10	30
WorC8	77	-13	2	4	31	-6	48	32	43	0	45	31	-30
TurB8	74	-7	14	11	32	-26	3	29	18	10	34	21	11
WorB8	32	22	7	30	13	-4	40	21	43	21	40	35	-18
EspC8	66	12	15	15	29	4	15	-147	270	25	18	35	80
Ita2B8	37	28	-15	28	30	27	12	24	66	45	0	85	9
Inv2C8	36	30	19	8	43	10	26	13	56	10	10	47	22
GreB8	31	138	-105	8	16	0	32	167	-80	0	48	6	28
EspB8	56	13	6	24	-23	18	13	92	198	81	-12	42	27
FraC8	34	5	13	27	41	-15	40	25	29	10	18	30	29
Ita1C8	40	24	9	8	21	13	51	10	55	21	6	19	-16
FraB8	14	7	4	13	-2	1	-18	61	30	19	30	-14	-23
TurC8	63	38	19	17	30	-9	21	23	74	35	47	38	-27
Ita2C8	22	22	5	26	18	4	23	-25	94	20	12	-1	1
Inv2B8	3	33	-6	4	20	-4	8	13	683	-624	17	19	-4
GreC8	64	22	13	-4	68	7	35	51	52	-11	23	50	22
Inv1C8	56	14	38	-4	36	10	43	54	44	49	35	-3	14
Ita1B8	32	31	14	35	10	25	21	6	81	31	-3	14	-33
Ita1B9	61	1	18	53	-21	12	12	56	41	31	117	0	2
TurB9	41	4	13	15	28	22	44	-13	50	81	-60	0	24
Inv2C9	23	11	35	9	-54	71	34	35	20	50	-29	57	51
FraB9	38	17	24	19	-9	-8	114	-23	36	17	35	26	-17
WorC9	40	18	-3	43	19	32	48	8	16	41	99	9	57
TurC9	36	46	43	22	5	16	33	32	99	42	68	45	9
AllC9	75	21	-10	19	17	3	49	33	38	25	42	32	-8
GreC9	38	13	21	35	12	29	50	33	87	28	63	-5	57
AllB9	54	-5	8	11	3	19	23	9	61	17	-8	39	63
Inv2B9	53	-21	51	7	24	33	16	28	151	0	-67	-44	8
Inv1C9	34	7	16	14	-19	37	23	32	43	16	102	22	57
EspC9	61	12	29	58	14	-74	89	56	24	38	61	8	69
GreB9	11	9	22	20	9	-1	28	27	87	58	-10	MV	MV
Ita2B9	86	7	9	15	-1	31	38	17	37	13	3	24	64
Inv1B9	15	7	10	13	-19	118	-16	24	-2	26	20	63	18
FraC9	53	-8	24	35	-4	-25	84	27	57	16	30	37	41
WorB9	40	5	39	11	46	-31	15	202	-138	5	29	-35	33
Ita2C9	43	19	24	25	5	19	25	40	71	42	76	22	29
Ita1C9	41	22	38	19	13	0	-27	74	93	55	35	52	98
EspB9	20	17	50	6	27	-8	41	24	-15	1247	-1185	-8	-9
Ita1C10	67	23	48	-4	1	7	27	14	53	39	45	8	99
FraB10	20	14	26	2	8	16	9	41	14	23	-8	-12	20
Ita1B10	28	9	42	-7	2	20	-5	16	16	-10	-2	63	34
WorC10	43	18	24	18	-1	9	27	44	35	36	-14	62	16
Inv1C10	89	17	12	2	23	23	54	69	43	245	-165	-5	63
Ita2B10	45	12	14	22	-8	21	11	67	41	44	54	38	-43
Inv2B10	41	19	18	2	237	-243	53	49	58	36	15	-3	239
Inv1B10	22	14	33	-108	111	2	26	55	98	11	17	165	-193
FraC10	51	18	29	1	14	14	-296	358	28	37	28	41	-19
EspB10	27	2	21	20	31	12	-7	19	0	103	22	15	24
Ita2C10	54	6	11	7	26	30	32	2	-132	210	-2	-20	30
EspC10	142	-80	17	22	8	13	31	31	-35	92	33	2	87
GreB10	29	8	14	28	3	33	14	10	60	38	127	1068	-988
Inv2C10	53	17	10	28	-1	45	22	31	80	48	35	30	58
TurB10	67	31	8	16	26	-4	13	38	57	87	-119	136	80
WorB10	37	23	30	24	11	9	12	4	101	-6	12	33	33
TurC10	61	26	25	21	-11	16	51	19	66	52	41	2	25
AllB10	57	15	46	35	-8	16	-7	25	60	61	11	73	8
GreC10	72	12	18	30	-19	10	60	64	45	12	56	12	29
AllC10	89	31	22	11	10	-6	49	16	20	71	86	-38	MV
